pc_ts,unity_ts,index_avg,s_0,s_1,s_2,s_3,s_4,s_5,s_6,s_7,s_8,s_9,s_10,s_11,s_12,s_13,s_14,s_15,s_16,s_17,s_18,s_19,s_20,s_21,s_22,s_23,s_24,s_25,s_26,s_27,s_28,s_29,s_30,s_31,s_32,s_33,s_34,s_35,s_36,s_37,s_38,s_39,s_40,s_41,s_42,s_43,s_44,s_45,s_46,s_47,s_48,s_49,s_50,s_51,s_52,s_53,s_54,s_55,s_56,s_57,s_58,s_59,s_60,s_61,s_62,s_63,s_64,s_65,s_66,s_67,s_68,s_69,s_70,s_71,s_72,s_73,s_74,s_75,s_76,s_77,s_78,s_79,s_80,s_81,s_82,s_83,s_84,s_85,s_86,s_87,s_88,s_89,s_90,s_91,s_92,s_93,s_94,s_95,s_96,s_97,s_98,s_99,s_100,s_101,s_102,s_103,s_104,s_105,s_106,s_107,s_108,s_109,s_110,s_111,s_112,s_113,s_114,s_115,s_116,s_117,s_118,s_119,s_120,s_121,s_122,s_123,s_124,s_125,s_126,s_127,s_128,s_129,s_130,s_131,s_132,s_133,s_134,s_135,s_136,s_137,s_138,s_139,s_140,s_141,s_142,s_143,s_144,s_145,s_146,s_147,s_148,s_149,s_150,s_151,s_152,s_153,s_154,s_155,s_156,s_157,s_158,s_159,s_160,s_161,s_162,s_163,s_164,s_165,s_166,s_167,s_168,s_169,s_170,s_171,s_172,s_173,s_174,s_175,s_176,s_177,s_178,s_179,s_180,s_181,s_182,s_183,s_184,s_185,s_186,s_187,s_188,s_189,s_190,s_191,s_192,s_193,s_194,s_195,s_196,s_197,s_198,s_199,s_200,s_201,s_202,s_203,s_204,s_205,s_206,s_207,s_208,s_209,s_210,s_211,s_212,s_213,s_214,s_215,s_216,s_217,s_218,s_219,s_220,s_221,s_222,s_223,s_224,s_225,s_226,s_227,s_228,s_229,s_230,s_231,s_232,s_233,s_234,s_235,s_236,s_237,s_238,s_239,s_240,s_241,s_242,s_243,s_244,s_245,s_246,s_247,s_248,s_249,s_250,s_251,s_252,s_253,s_254,s_255,L_XRHand_Wrist_Px,L_XRHand_Wrist_Py,L_XRHand_Wrist_Pz,L_XRHand_Wrist_Qx,L_XRHand_Wrist_Qy,L_XRHand_Wrist_Qz,L_XRHand_Wrist_Qw,L_XRHand_Palm_Px,L_XRHand_Palm_Py,L_XRHand_Palm_Pz,L_XRHand_Palm_Qx,L_XRHand_Palm_Qy,L_XRHand_Palm_Qz,L_XRHand_Palm_Qw,L_XRHand_ThumbMetacarpal_Px,L_XRHand_ThumbMetacarpal_Py,L_XRHand_ThumbMetacarpal_Pz,L_XRHand_ThumbMetacarpal_Qx,L_XRHand_ThumbMetacarpal_Qy,L_XRHand_ThumbMetacarpal_Qz,L_XRHand_ThumbMetacarpal_Qw,L_XRHand_ThumbProximal_Px,L_XRHand_ThumbProximal_Py,L_XRHand_ThumbProximal_Pz,L_XRHand_ThumbProximal_Qx,L_XRHand_ThumbProximal_Qy,L_XRHand_ThumbProximal_Qz,L_XRHand_ThumbProximal_Qw,L_XRHand_ThumbDistal_Px,L_XRHand_ThumbDistal_Py,L_XRHand_ThumbDistal_Pz,L_XRHand_ThumbDistal_Qx,L_XRHand_ThumbDistal_Qy,L_XRHand_ThumbDistal_Qz,L_XRHand_ThumbDistal_Qw,L_XRHand_ThumbTip_Px,L_XRHand_ThumbTip_Py,L_XRHand_ThumbTip_Pz,L_XRHand_ThumbTip_Qx,L_XRHand_ThumbTip_Qy,L_XRHand_ThumbTip_Qz,L_XRHand_ThumbTip_Qw,L_XRHand_IndexMetacarpal_Px,L_XRHand_IndexMetacarpal_Py,L_XRHand_IndexMetacarpal_Pz,L_XRHand_IndexMetacarpal_Qx,L_XRHand_IndexMetacarpal_Qy,L_XRHand_IndexMetacarpal_Qz,L_XRHand_IndexMetacarpal_Qw,L_XRHand_IndexProximal_Px,L_XRHand_IndexProximal_Py,L_XRHand_IndexProximal_Pz,L_XRHand_IndexProximal_Qx,L_XRHand_IndexProximal_Qy,L_XRHand_IndexProximal_Qz,L_XRHand_IndexProximal_Qw,L_XRHand_IndexIntermediate_Px,L_XRHand_IndexIntermediate_Py,L_XRHand_IndexIntermediate_Pz,L_XRHand_IndexIntermediate_Qx,L_XRHand_IndexIntermediate_Qy,L_XRHand_IndexIntermediate_Qz,L_XRHand_IndexIntermediate_Qw,L_XRHand_IndexDistal_Px,L_XRHand_IndexDistal_Py,L_XRHand_IndexDistal_Pz,L_XRHand_IndexDistal_Qx,L_XRHand_IndexDistal_Qy,L_XRHand_IndexDistal_Qz,L_XRHand_IndexDistal_Qw,L_XRHand_IndexTip_Px,L_XRHand_IndexTip_Py,L_XRHand_IndexTip_Pz,L_XRHand_IndexTip_Qx,L_XRHand_IndexTip_Qy,L_XRHand_IndexTip_Qz,L_XRHand_IndexTip_Qw,L_XRHand_MiddleMetacarpal_Px,L_XRHand_MiddleMetacarpal_Py,L_XRHand_MiddleMetacarpal_Pz,L_XRHand_MiddleMetacarpal_Qx,L_XRHand_MiddleMetacarpal_Qy,L_XRHand_MiddleMetacarpal_Qz,L_XRHand_MiddleMetacarpal_Qw,L_XRHand_MiddleProximal_Px,L_XRHand_MiddleProximal_Py,L_XRHand_MiddleProximal_Pz,L_XRHand_MiddleProximal_Qx,L_XRHand_MiddleProximal_Qy,L_XRHand_MiddleProximal_Qz,L_XRHand_MiddleProximal_Qw,L_XRHand_MiddleIntermediate_Px,L_XRHand_MiddleIntermediate_Py,L_XRHand_MiddleIntermediate_Pz,L_XRHand_MiddleIntermediate_Qx,L_XRHand_MiddleIntermediate_Qy,L_XRHand_MiddleIntermediate_Qz,L_XRHand_MiddleIntermediate_Qw,L_XRHand_MiddleDistal_Px,L_XRHand_MiddleDistal_Py,L_XRHand_MiddleDistal_Pz,L_XRHand_MiddleDistal_Qx,L_XRHand_MiddleDistal_Qy,L_XRHand_MiddleDistal_Qz,L_XRHand_MiddleDistal_Qw,L_XRHand_MiddleTip_Px,L_XRHand_MiddleTip_Py,L_XRHand_MiddleTip_Pz,L_XRHand_MiddleTip_Qx,L_XRHand_MiddleTip_Qy,L_XRHand_MiddleTip_Qz,L_XRHand_MiddleTip_Qw,L_XRHand_RingMetacarpal_Px,L_XRHand_RingMetacarpal_Py,L_XRHand_RingMetacarpal_Pz,L_XRHand_RingMetacarpal_Qx,L_XRHand_RingMetacarpal_Qy,L_XRHand_RingMetacarpal_Qz,L_XRHand_RingMetacarpal_Qw,L_XRHand_RingProximal_Px,L_XRHand_RingProximal_Py,L_XRHand_RingProximal_Pz,L_XRHand_RingProximal_Qx,L_XRHand_RingProximal_Qy,L_XRHand_RingProximal_Qz,L_XRHand_RingProximal_Qw,L_XRHand_RingIntermediate_Px,L_XRHand_RingIntermediate_Py,L_XRHand_RingIntermediate_Pz,L_XRHand_RingIntermediate_Qx,L_XRHand_RingIntermediate_Qy,L_XRHand_RingIntermediate_Qz,L_XRHand_RingIntermediate_Qw,L_XRHand_RingDistal_Px,L_XRHand_RingDistal_Py,L_XRHand_RingDistal_Pz,L_XRHand_RingDistal_Qx,L_XRHand_RingDistal_Qy,L_XRHand_RingDistal_Qz,L_XRHand_RingDistal_Qw,L_XRHand_RingTip_Px,L_XRHand_RingTip_Py,L_XRHand_RingTip_Pz,L_XRHand_RingTip_Qx,L_XRHand_RingTip_Qy,L_XRHand_RingTip_Qz,L_XRHand_RingTip_Qw,L_XRHand_LittleMetacarpal_Px,L_XRHand_LittleMetacarpal_Py,L_XRHand_LittleMetacarpal_Pz,L_XRHand_LittleMetacarpal_Qx,L_XRHand_LittleMetacarpal_Qy,L_XRHand_LittleMetacarpal_Qz,L_XRHand_LittleMetacarpal_Qw,L_XRHand_LittleProximal_Px,L_XRHand_LittleProximal_Py,L_XRHand_LittleProximal_Pz,L_XRHand_LittleProximal_Qx,L_XRHand_LittleProximal_Qy,L_XRHand_LittleProximal_Qz,L_XRHand_LittleProximal_Qw,L_XRHand_LittleIntermediate_Px,L_XRHand_LittleIntermediate_Py,L_XRHand_LittleIntermediate_Pz,L_XRHand_LittleIntermediate_Qx,L_XRHand_LittleIntermediate_Qy,L_XRHand_LittleIntermediate_Qz,L_XRHand_LittleIntermediate_Qw,L_XRHand_LittleDistal_Px,L_XRHand_LittleDistal_Py,L_XRHand_LittleDistal_Pz,L_XRHand_LittleDistal_Qx,L_XRHand_LittleDistal_Qy,L_XRHand_LittleDistal_Qz,L_XRHand_LittleDistal_Qw,L_XRHand_LittleTip_Px,L_XRHand_LittleTip_Py,L_XRHand_LittleTip_Pz,L_XRHand_LittleTip_Qx,L_XRHand_LittleTip_Qy,L_XRHand_LittleTip_Qz,L_XRHand_LittleTip_Qw,R_XRHand_Wrist_Px,R_XRHand_Wrist_Py,R_XRHand_Wrist_Pz,R_XRHand_Wrist_Qx,R_XRHand_Wrist_Qy,R_XRHand_Wrist_Qz,R_XRHand_Wrist_Qw,R_XRHand_Palm_Px,R_XRHand_Palm_Py,R_XRHand_Palm_Pz,R_XRHand_Palm_Qx,R_XRHand_Palm_Qy,R_XRHand_Palm_Qz,R_XRHand_Palm_Qw,R_XRHand_ThumbMetacarpal_Px,R_XRHand_ThumbMetacarpal_Py,R_XRHand_ThumbMetacarpal_Pz,R_XRHand_ThumbMetacarpal_Qx,R_XRHand_ThumbMetacarpal_Qy,R_XRHand_ThumbMetacarpal_Qz,R_XRHand_ThumbMetacarpal_Qw,R_XRHand_ThumbProximal_Px,R_XRHand_ThumbProximal_Py,R_XRHand_ThumbProximal_Pz,R_XRHand_ThumbProximal_Qx,R_XRHand_ThumbProximal_Qy,R_XRHand_ThumbProximal_Qz,R_XRHand_ThumbProximal_Qw,R_XRHand_ThumbDistal_Px,R_XRHand_ThumbDistal_Py,R_XRHand_ThumbDistal_Pz,R_XRHand_ThumbDistal_Qx,R_XRHand_ThumbDistal_Qy,R_XRHand_ThumbDistal_Qz,R_XRHand_ThumbDistal_Qw,R_XRHand_ThumbTip_Px,R_XRHand_ThumbTip_Py,R_XRHand_ThumbTip_Pz,R_XRHand_ThumbTip_Qx,R_XRHand_ThumbTip_Qy,R_XRHand_ThumbTip_Qz,R_XRHand_ThumbTip_Qw,R_XRHand_IndexMetacarpal_Px,R_XRHand_IndexMetacarpal_Py,R_XRHand_IndexMetacarpal_Pz,R_XRHand_IndexMetacarpal_Qx,R_XRHand_IndexMetacarpal_Qy,R_XRHand_IndexMetacarpal_Qz,R_XRHand_IndexMetacarpal_Qw,R_XRHand_IndexProximal_Px,R_XRHand_IndexProximal_Py,R_XRHand_IndexProximal_Pz,R_XRHand_IndexProximal_Qx,R_XRHand_IndexProximal_Qy,R_XRHand_IndexProximal_Qz,R_XRHand_IndexProximal_Qw,R_XRHand_IndexIntermediate_Px,R_XRHand_IndexIntermediate_Py,R_XRHand_IndexIntermediate_Pz,R_XRHand_IndexIntermediate_Qx,R_XRHand_IndexIntermediate_Qy,R_XRHand_IndexIntermediate_Qz,R_XRHand_IndexIntermediate_Qw,R_XRHand_IndexDistal_Px,R_XRHand_IndexDistal_Py,R_XRHand_IndexDistal_Pz,R_XRHand_IndexDistal_Qx,R_XRHand_IndexDistal_Qy,R_XRHand_IndexDistal_Qz,R_XRHand_IndexDistal_Qw,R_XRHand_IndexTip_Px,R_XRHand_IndexTip_Py,R_XRHand_IndexTip_Pz,R_XRHand_IndexTip_Qx,R_XRHand_IndexTip_Qy,R_XRHand_IndexTip_Qz,R_XRHand_IndexTip_Qw,R_XRHand_MiddleMetacarpal_Px,R_XRHand_MiddleMetacarpal_Py,R_XRHand_MiddleMetacarpal_Pz,R_XRHand_MiddleMetacarpal_Qx,R_XRHand_MiddleMetacarpal_Qy,R_XRHand_MiddleMetacarpal_Qz,R_XRHand_MiddleMetacarpal_Qw,R_XRHand_MiddleProximal_Px,R_XRHand_MiddleProximal_Py,R_XRHand_MiddleProximal_Pz,R_XRHand_MiddleProximal_Qx,R_XRHand_MiddleProximal_Qy,R_XRHand_MiddleProximal_Qz,R_XRHand_MiddleProximal_Qw,R_XRHand_MiddleIntermediate_Px,R_XRHand_MiddleIntermediate_Py,R_XRHand_MiddleIntermediate_Pz,R_XRHand_MiddleIntermediate_Qx,R_XRHand_MiddleIntermediate_Qy,R_XRHand_MiddleIntermediate_Qz,R_XRHand_MiddleIntermediate_Qw,R_XRHand_MiddleDistal_Px,R_XRHand_MiddleDistal_Py,R_XRHand_MiddleDistal_Pz,R_XRHand_MiddleDistal_Qx,R_XRHand_MiddleDistal_Qy,R_XRHand_MiddleDistal_Qz,R_XRHand_MiddleDistal_Qw,R_XRHand_MiddleTip_Px,R_XRHand_MiddleTip_Py,R_XRHand_MiddleTip_Pz,R_XRHand_MiddleTip_Qx,R_XRHand_MiddleTip_Qy,R_XRHand_MiddleTip_Qz,R_XRHand_MiddleTip_Qw,R_XRHand_RingMetacarpal_Px,R_XRHand_RingMetacarpal_Py,R_XRHand_RingMetacarpal_Pz,R_XRHand_RingMetacarpal_Qx,R_XRHand_RingMetacarpal_Qy,R_XRHand_RingMetacarpal_Qz,R_XRHand_RingMetacarpal_Qw,R_XRHand_RingProximal_Px,R_XRHand_RingProximal_Py,R_XRHand_RingProximal_Pz,R_XRHand_RingProximal_Qx,R_XRHand_RingProximal_Qy,R_XRHand_RingProximal_Qz,R_XRHand_RingProximal_Qw,R_XRHand_RingIntermediate_Px,R_XRHand_RingIntermediate_Py,R_XRHand_RingIntermediate_Pz,R_XRHand_RingIntermediate_Qx,R_XRHand_RingIntermediate_Qy,R_XRHand_RingIntermediate_Qz,R_XRHand_RingIntermediate_Qw,R_XRHand_RingDistal_Px,R_XRHand_RingDistal_Py,R_XRHand_RingDistal_Pz,R_XRHand_RingDistal_Qx,R_XRHand_RingDistal_Qy,R_XRHand_RingDistal_Qz,R_XRHand_RingDistal_Qw,R_XRHand_RingTip_Px,R_XRHand_RingTip_Py,R_XRHand_RingTip_Pz,R_XRHand_RingTip_Qx,R_XRHand_RingTip_Qy,R_XRHand_RingTip_Qz,R_XRHand_RingTip_Qw,R_XRHand_LittleMetacarpal_Px,R_XRHand_LittleMetacarpal_Py,R_XRHand_LittleMetacarpal_Pz,R_XRHand_LittleMetacarpal_Qx,R_XRHand_LittleMetacarpal_Qy,R_XRHand_LittleMetacarpal_Qz,R_XRHand_LittleMetacarpal_Qw,R_XRHand_LittleProximal_Px,R_XRHand_LittleProximal_Py,R_XRHand_LittleProximal_Pz,R_XRHand_LittleProximal_Qx,R_XRHand_LittleProximal_Qy,R_XRHand_LittleProximal_Qz,R_XRHand_LittleProximal_Qw,R_XRHand_LittleIntermediate_Px,R_XRHand_LittleIntermediate_Py,R_XRHand_LittleIntermediate_Pz,R_XRHand_LittleIntermediate_Qx,R_XRHand_LittleIntermediate_Qy,R_XRHand_LittleIntermediate_Qz,R_XRHand_LittleIntermediate_Qw,R_XRHand_LittleDistal_Px,R_XRHand_LittleDistal_Py,R_XRHand_LittleDistal_Pz,R_XRHand_LittleDistal_Qx,R_XRHand_LittleDistal_Qy,R_XRHand_LittleDistal_Qz,R_XRHand_LittleDistal_Qw,R_XRHand_LittleTip_Px,R_XRHand_LittleTip_Py,R_XRHand_LittleTip_Pz,R_XRHand_LittleTip_Qx,R_XRHand_LittleTip_Qy,R_XRHand_LittleTip_Qz,R_XRHand_LittleTip_Qw
1771636679.32758,13,2571,3072.0,3072.0,3072.0,3072.0,3072.0,3072.0,3072.0,3072.0,2599.0,2890.0,2756.0,2418.0,2560.0,2583.0,2540.0,2590.0,3072.0,3072.0,3072.0,3072.0,3072.0,3072.0,3072.0,3072.0,2446.0,2668.0,2281.0,2772.0,2641.0,2643.0,2641.0,2703.0,3038.0,3072.0,3072.0,3072.0,3072.0,3072.0,3072.0,3072.0,2606.0,2825.0,2011.0,2706.0,2758.0,2706.0,2641.0,2641.0,3058.0,3072.0,2182.0,3072.0,3072.0,2486.0,3072.0,3072.0,3022.0,3023.0,2824.0,2706.0,2641.0,2706.0,2641.0,2641.0,3060.0,3072.0,2742.0,3072.0,3072.0,2792.0,3072.0,3072.0,2376.0,3072.0,3072.0,2404.0,2492.0,2583.0,2650.0,2641.0,3067.0,3065.0,3072.0,2895.0,3046.0,2436.0,2897.0,2968.0,2841.0,3072.0,3022.0,3063.0,2641.0,2706.0,2710.0,2590.0,3072.0,3072.0,3072.0,3072.0,3072.0,3072.0,3069.0,3072.0,2641.0,3070.0,3069.0,3062.0,2633.0,2633.0,2650.0,2703.0,3072.0,3072.0,3072.0,3072.0,3072.0,3072.0,3066.0,3051.0,1648.0,2819.0,2862.0,3066.0,2130.0,2334.0,2413.0,2550.0,3072.0,3058.0,3072.0,3070.0,3072.0,2889.0,3058.0,3052.0,3072.0,3072.0,3072.0,3066.0,2695.0,2706.0,2641.0,2641.0,2748.0,2994.0,2960.0,3072.0,3062.0,2765.0,3072.0,2831.0,3072.0,3072.0,3072.0,3066.0,2641.0,2706.0,2695.0,2695.0,3072.0,3072.0,3072.0,3072.0,3072.0,3072.0,3072.0,3048.0,3072.0,3072.0,3008.0,2571.0,2590.0,2633.0,2641.0,2641.0,3072.0,3072.0,3072.0,3072.0,3072.0,3072.0,3072.0,2684.0,3072.0,3072.0,3072.0,2373.0,2481.0,2571.0,2590.0,2641.0,2954.0,2551.0,2532.0,2534.0,3072.0,3072.0,3072.0,3072.0,3072.0,3072.0,3072.0,3072.0,3072.0,3072.0,3072.0,3014.0,3072.0,3072.0,3072.0,3072.0,3072.0,3072.0,3072.0,3072.0,3072.0,3072.0,3072.0,3072.0,3072.0,3072.0,3072.0,3072.0,3072.0,3072.0,3072.0,3072.0,3072.0,3072.0,3072.0,3072.0,3072.0,3072.0,3072.0,3072.0,3072.0,3072.0,3072.0,2793.0,3072.0,3072.0,3072.0,3072.0,3072.0,3072.0,3072.0,3072.0,3072.0,3072.0,3072.0,3072.0,3072.0,3024.0,2529.0,2167.0,-0.41679999232292175,0.9294000267982483,0.4268999993801117,0.28540000319480896,0.030300000682473183,-0.10819999873638153,-0.9517999887466431,-0.42179998755455017,0.9584000110626221,0.4814000129699707,0.28540000319480896,0.030300000682473183,-0.10819999873638153,-0.9517999887466431,-0.3937999904155731,0.9368000030517578,0.46720001101493835,0.14399999380111694,-0.14190000295639038,0.671999990940094,-0.7124999761581421,-0.38179999589920044,0.9373000264167786,0.4952000081539154,-0.0877000018954277,0.10670000314712524,0.6161999702453613,-0.7753999829292297,-0.390500009059906,0.9370999932289124,0.5257999897003174,-0.31790000200271606,0.22930000722408295,0.6182000041007996,-0.6812999844551086,-0.40619999170303345,0.9343000054359436,0.5425000190734863,-0.31790000200271606,0.22930000722408295,0.6182000041007996,-0.6812999844551086,-0.40290001034736633,0.9427000284194946,0.462799996137619,0.28540000319480896,0.030300000682473183,-0.10819999873638153,-0.9517999887466431,-0.40470001101493835,0.9771000146865845,0.5059000253677368,0.08429999649524689,0.0340999998152256,-0.08560000360012054,-0.9922000169754028,-0.4077000021934509,0.9829000234603882,0.5410000085830688,0.013399999588727951,0.03099999949336052,-0.11410000175237656,-0.992900013923645,-0.4092000126838684,0.983299970626831,0.5637999773025513,0.0203000009059906,0.05779999867081642,-0.13040000200271606,-0.9896000027656555,-0.412200003862381,0.9847000241279602,0.5845000147819519,0.0203000009059906,0.05779999867081642,-0.13040000200271606,-0.9896000027656555,-0.4180999994277954,0.9406999945640564,0.4595000147819519,0.28540000319480896,0.030300000682473183,-0.10819999873638153,-0.9517999887466431,-0.4255000054836273,0.9760000109672546,0.5033000111579895,-0.2727999985218048,0.009999999776482582,-0.16120000183582306,-0.9484000205993652,-0.4228000044822693,0.9549999833106995,0.5375999808311462,-0.8658000230789185,-0.10899999737739563,-0.13349999487400055,-0.4697999954223633,-0.4140999913215637,0.9347000122070312,0.5241000056266785,-0.9857000112533569,-0.09629999846220016,-0.11640000343322754,0.07460000365972519,-0.4090999960899353,0.9376000165939331,0.5012999773025513,-0.9857000112533569,-0.09629999846220016,-0.11640000343322754,0.07460000365972519,-0.4334000051021576,0.9391999840736389,0.45739999413490295,0.28540000319480896,0.030300000682473183,-0.10819999873638153,-0.9517999887466431,-0.4415999948978424,0.965499997138977,0.5,-0.36250001192092896,-0.018699999898672104,-0.21299999952316284,-0.9071000218391418,-0.43470001220703125,0.9416999816894531,0.5268999934196472,-0.8860999941825867,-0.16529999673366547,-0.18549999594688416,-0.391400009393692,-0.42329999804496765,0.9258999824523926,0.5113000273704529,-0.957099974155426,-0.22360000014305115,-0.10409999638795853,0.15199999511241913,-0.4198000133037567,0.932200014591217,0.4896000027656555,-0.957099974155426,-0.22360000014305115,-0.10409999638795853,0.15199999511241913,-0.4399999976158142,0.9345999956130981,0.4586000144481659,0.2498999983072281,0.10189999639987946,-0.3424000144004822,-0.8999999761581421,-0.4553000032901764,0.9509000182151794,0.4952000081539154,-0.3653999865055084,-0.06880000233650208,-0.3009999990463257,-0.8781999945640564,-0.4453999996185303,0.9334999918937683,0.5160999894142151,-0.8676000237464905,-0.21699999272823334,-0.24950000643730164,-0.37139999866485596,-0.4341000020503998,0.92330002784729,0.5047000050544739,-0.9221000075340271,-0.3327000141143799,-0.13429999351501465,0.14509999752044678,-0.4300000071525574,0.9300000071525574,0.48559999465942383,-0.9221000075340271,-0.3327000141143799,-0.13429999351501465,0.14509999752044678,-0.07729999721050262,0.992900013923645,0.28189998865127563,0.4830999970436096,0.3598000109195709,0.27889999747276306,-0.7479000091552734,-0.09619999676942825,1.0418000221252441,0.2996000051498413,0.4830999970436096,0.3598000109195709,0.27889999747276306,-0.7479000091552734,-0.11190000176429749,1.0157999992370605,0.28790000081062317,0.4625000059604645,0.1867000013589859,-0.6462000012397766,-0.5776000022888184,-0.1340000033378601,1.023800015449524,0.30160000920295715,0.43320000171661377,0.13120000064373016,-0.5795000195503235,-0.6777999997138977,-0.15320000052452087,1.0360000133514404,0.3183000087738037,0.4943999946117401,0.22550000250339508,-0.6389999985694885,-0.5444999933242798,-0.17159999907016754,1.0413999557495117,0.3257000148296356,0.4943999946117401,0.22550000250339508,-0.6389999985694885,-0.5444999933242798,-0.10209999978542328,1.0190000534057617,0.28679999709129333,0.4830999970436096,0.3598000109195709,0.27889999747276306,-0.7479000091552734,-0.11500000208616257,1.065999984741211,0.29120001196861267,0.28850001096725464,0.4025000035762787,0.1469999998807907,-0.8561999797821045,-0.13420000672340393,1.0853999853134155,0.3073999881744385,0.047600001096725464,0.4339999854564667,0.0608999989926815,-0.897599995136261,-0.14990000426769257,1.0881999731063843,0.3199000060558319,-0.03889999911189079,0.41620001196861267,0.039500001817941666,-0.9075999855995178,-0.16380000114440918,1.0882999897003174,0.33239999413490295,-0.03889999911189079,0.41620001196861267,0.039500001817941666,-0.9075999855995178,-0.09109999984502792,1.017699956893921,0.2953999936580658,0.4830999970436096,0.3598000109195709,0.27889999747276306,-0.7479000091552734,-0.10119999945163727,1.065999984741211,0.30379998683929443,0.26190000772476196,0.4113999903202057,0.19380000233650208,-0.8511999845504761,-0.12269999831914902,1.0877000093460083,0.32260000705718994,-0.031700000166893005,0.454800009727478,0.061799999326467514,-0.8878999948501587,-0.14139999449253082,1.0877000093460083,0.335999995470047,-0.16949999332427979,0.4609000086784363,0.05299999937415123,-0.8694999814033508,-0.15839999914169312,1.083400011062622,0.3474000096321106,-0.16949999332427979,0.4609000086784363,0.05299999937415123,-0.8694999814033508,-0.08160000294446945,1.0168999433517456,0.3025999963283539,0.4830999970436096,0.3598000109195709,0.27889999747276306,-0.7479000091552734,-0.09279999881982803,1.0582000017166138,0.31690001487731934,0.23849999904632568,0.415800005197525,0.24390000104904175,-0.8431000113487244,-0.11190000176429749,1.0779000520706177,0.3345000147819519,-0.041600000113248825,0.48510000109672546,0.13860000669956207,-0.8623999953269958,-0.1307000070810318,1.079300045967102,0.34619998931884766,-0.188400000333786,0.5264000296592712,0.06669999659061432,-0.8263999819755554,-0.14890000224113464,1.075600028038025,0.3544999957084656,-0.188400000333786,0.5264000296592712,0.06669999659061432,-0.8263999819755554,-0.07970000058412552,1.0148999691009521,0.3093999922275543,0.3402999937534332,0.34850001335144043,0.4860999882221222,-0.725600004196167,-0.08640000224113464,1.0465999841690063,0.3294000029563904,0.19470000267028809,0.46889999508857727,0.2854999899864197,-0.8127999901771545,-0.1031000018119812,1.0615999698638916,0.3418000042438507,-0.04960000142455101,0.5098000168800354,0.2143000066280365,-0.8317000269889832,-0.11779999732971191,1.0638999938964844,0.3499000072479248,-0.13580000400543213,0.571399986743927,0.15410000085830688,-0.7944999933242798,-0.13519999384880066,1.0642000436782837,0.35580000281333923,-0.13580000400543213,0.571399986743927,0.15410000085830688,-0.7944999933242798
1771636679.340216,56,2571,3072.0,3072.0,3072.0,3072.0,3072.0,3072.0,3072.0,3072.0,2599.0,2890.0,2756.0,2418.0,2560.0,2583.0,2540.0,2590.0,3072.0,3072.0,3072.0,3072.0,3072.0,3072.0,3072.0,3072.0,2446.0,2668.0,2281.0,2772.0,2641.0,2643.0,2641.0,2703.0,3038.0,3072.0,3072.0,3072.0,3072.0,3072.0,3072.0,3072.0,2606.0,2825.0,2011.0,2706.0,2758.0,2706.0,2641.0,2641.0,3058.0,3072.0,2182.0,3072.0,3072.0,2486.0,3072.0,3072.0,3022.0,3023.0,2824.0,2706.0,2641.0,2706.0,2641.0,2641.0,3060.0,3072.0,2742.0,3072.0,3072.0,2792.0,3072.0,3072.0,2376.0,3072.0,3072.0,2404.0,2492.0,2583.0,2650.0,2641.0,3067.0,3065.0,3072.0,2895.0,3046.0,2436.0,2897.0,2968.0,2841.0,3072.0,3022.0,3063.0,2641.0,2706.0,2710.0,2590.0,3072.0,3072.0,3072.0,3072.0,3072.0,3072.0,3069.0,3072.0,2641.0,3070.0,3069.0,3062.0,2633.0,2633.0,2650.0,2703.0,3072.0,3072.0,3072.0,3072.0,3072.0,3072.0,3067.0,3050.0,1723.0,2790.0,2859.0,3066.0,2130.0,2273.0,2413.0,2550.0,3072.0,3068.0,3072.0,3070.0,3072.0,2889.0,3058.0,3050.0,3072.0,3072.0,3072.0,3068.0,2695.0,2706.0,2641.0,2641.0,2754.0,3006.0,2942.0,3072.0,3040.0,2767.0,3072.0,2816.0,3072.0,3072.0,3072.0,3066.0,2641.0,2706.0,2695.0,2695.0,3072.0,3072.0,3072.0,3072.0,3072.0,3072.0,3072.0,3043.0,3072.0,3072.0,2999.0,2643.0,2590.0,2706.0,2641.0,2641.0,3072.0,3072.0,3072.0,3072.0,3072.0,3072.0,3072.0,2692.0,3072.0,3072.0,3072.0,2513.0,2481.0,2571.0,2590.0,2641.0,2981.0,2570.0,2534.0,2484.0,3072.0,3072.0,3072.0,3072.0,3072.0,3072.0,3072.0,3072.0,3072.0,3072.0,3072.0,3072.0,3072.0,3072.0,3072.0,3072.0,3072.0,3072.0,3072.0,3072.0,3072.0,3072.0,3072.0,3072.0,3072.0,3004.0,3072.0,2996.0,3072.0,3072.0,3072.0,3072.0,3072.0,3072.0,3072.0,3072.0,3072.0,3072.0,3072.0,3072.0,3072.0,3072.0,3072.0,2793.0,3072.0,3072.0,3072.0,3072.0,3072.0,3072.0,3072.0,3072.0,3072.0,3072.0,3072.0,3072.0,3072.0,3024.0,2529.0,2167.0,-0.41850000619888306,0.9302999973297119,0.43220001459121704,0.2621000111103058,0.035999998450279236,-0.10270000249147415,-0.958899974822998,-0.4237000048160553,0.9564999938011169,0.48809999227523804,0.2621000111103058,0.035999998450279236,-0.10270000249147415,-0.958899974822998,-0.39579999446868896,0.9355000257492065,0.4729999899864197,0.12160000205039978,-0.155799999833107,0.671999990940094,-0.713699996471405,-0.3840000033378601,0.9344000220298767,0.5012000203132629,-0.10980000346899033,0.09520000219345093,0.6215999722480774,-0.7696999907493591,-0.3930000066757202,0.9327999949455261,0.5315999984741211,-0.33399999141693115,0.2151000052690506,0.6265000104904175,-0.6705999970436096,-0.40880000591278076,0.9293000102043152,0.5482000112533569,-0.33399999141693115,0.2151000052690506,0.6265000104904175,-0.6705999970436096,-0.4047999978065491,0.9416000247001648,0.46889999508857727,0.2621000111103058,0.035999998450279236,-0.10270000249147415,-0.958899974822998,-0.4066999852657318,0.9739000201225281,0.5135999917984009,0.06289999932050705,0.030899999663233757,-0.07660000026226044,-0.9945999979972839,-0.4092999994754791,0.9782000184059143,0.5489000082015991,-0.0024999999441206455,0.029600000008940697,-0.10480000078678131,-0.9940999746322632,-0.4106000065803528,0.9779999852180481,0.5716999769210815,0.006200000178068876,0.0568000003695488,-0.12060000002384186,-0.991100013256073,-0.41350001096725464,0.9787999987602234,0.5924999713897705,0.006200000178068876,0.0568000003695488,-0.12060000002384186,-0.991100013256073,-0.41999998688697815,0.9398999810218811,0.46540001034736633,0.2621000111103058,0.035999998450279236,-0.10270000249147415,-0.958899974822998,-0.42750000953674316,0.9731000065803528,0.5108000040054321,-0.2948000133037567,0.018699999898672104,-0.15809999406337738,-0.9422000050544739,-0.4251999855041504,0.9505000114440918,0.5440999865531921,-0.8766999840736389,-0.10040000081062317,-0.13750000298023224,-0.4498000144958496,-0.41659998893737793,0.9308000206947327,0.5296000242233276,-0.9835000038146973,-0.08980000019073486,-0.12269999831914902,0.09809999912977219,-0.4113999903202057,0.9348000288009644,0.507099986076355,-0.9835000038146973,-0.08980000019073486,-0.12269999831914902,0.09809999912977219,-0.4352000057697296,0.9387000203132629,0.46299999952316284,0.2621000111103058,0.035999998450279236,-0.10270000249147415,-0.958899974822998,-0.44359999895095825,0.9628000259399414,0.5067999958992004,-0.3837999999523163,-0.00839999970048666,-0.21130000054836273,-0.8988999724388123,-0.43709999322891235,0.9376999735832214,0.5325999855995178,-0.8952000141143799,-0.15559999644756317,-0.1915999948978424,-0.3709999918937683,-0.42570000886917114,0.9225999712944031,0.5163999795913696,-0.9532999992370605,-0.21799999475479126,-0.1136000007390976,0.17569999396800995,-0.421999990940094,0.9300000071525574,0.4950000047683716,-0.9532999992370605,-0.21799999475479126,-0.1136000007390976,0.17569999396800995,-0.44190001487731934,0.9340000152587891,0.46399998664855957,0.22920000553131104,0.11320000141859055,-0.3353999853134155,-0.9067000150680542,-0.45730000734329224,0.9485999941825867,0.5012000203132629,-0.3862999975681305,-0.05660000070929527,-0.30070000886917114,-0.870199978351593,-0.44780001044273376,0.9301999807357788,0.5213000178337097,-0.8762999773025513,-0.20600000023841858,-0.25679999589920044,-0.3517000079154968,-0.43639999628067017,0.9204000234603882,0.5095000267028809,-0.9186999797821045,-0.3264000117778778,-0.1460999995470047,0.16760000586509705,-0.43220001459121704,0.9279999732971191,0.49070000648498535,-0.9186999797821045,-0.3264000117778778,-0.1460999995470047,0.16760000586509705,-0.07689999788999557,0.9933000206947327,0.28189998865127563,0.48260000348091125,0.3596999943256378,0.2773999869823456,-0.7487999796867371,-0.0957999974489212,1.042099952697754,0.299699991941452,0.48260000348091125,0.3596999943256378,0.2773999869823456,-0.7487999796867371,-0.11150000244379044,1.0161000490188599,0.288100004196167,0.46000000834465027,0.18619999289512634,-0.6482999920845032,-0.5774000287055969,-0.13359999656677246,1.0240000486373901,0.301800012588501,0.43130001425743103,0.1306000053882599,-0.58160001039505,-0.677299976348877,-0.1527000069618225,1.0362000465393066,0.31859999895095825,0.49219998717308044,0.22519999742507935,-0.640999972820282,-0.5442000031471252,-0.17110000550746918,1.0414999723434448,0.326200008392334,0.49219998717308044,0.22519999742507935,-0.640999972820282,-0.5442000031471252,-0.10180000215768814,1.0192999839782715,0.28690001368522644,0.48260000348091125,0.3596999943256378,0.2773999869823456,-0.7487999796867371,-0.11479999870061874,1.0663000345230103,0.2912999987602234,0.28929999470710754,0.4018999934196472,0.1460999995470047,-0.8564000129699707,-0.1339000016450882,1.0857000350952148,0.3073999881744385,0.04809999838471413,0.43320000171661377,0.060100000351667404,-0.8980000019073486,-0.14959999918937683,1.0885000228881836,0.3199999928474426,-0.03840000182390213,0.4153999984264374,0.03880000114440918,-0.9079999923706055,-0.16359999775886536,1.0886000394821167,0.33250001072883606,-0.03840000182390213,0.4153999984264374,0.03880000114440918,-0.9079999923706055,-0.09070000052452087,1.0180000066757202,0.2955000102519989,0.48260000348091125,0.3596999943256378,0.2773999869823456,-0.7487999796867371,-0.10100000351667404,1.0663000345230103,0.30379998683929443,0.262800008058548,0.4106000065803528,0.19300000369548798,-0.8514999747276306,-0.12240000069141388,1.0880000591278076,0.32260000705718994,-0.030899999663233757,0.4537999927997589,0.061400000005960464,-0.8884999752044678,-0.14110000431537628,1.0880000591278076,0.3361000120639801,-0.16840000450611115,0.45989999175071716,0.052799999713897705,-0.870199978351593,-0.15800000727176666,1.0836999416351318,0.3474999964237213,-0.16840000450611115,0.45989999175071716,0.052799999713897705,-0.870199978351593,-0.0812000036239624,1.017300009727478,0.3025999963283539,0.48260000348091125,0.3596999943256378,0.2773999869823456,-0.7487999796867371,-0.0925000011920929,1.058500051498413,0.31690001487731934,0.2379000037908554,0.4153999984264374,0.24230000376701355,-0.8439000248908997,-0.11159999668598175,1.0781999826431274,0.3346000015735626,-0.04259999841451645,0.48429998755455017,0.1371999979019165,-0.8629999756813049,-0.13040000200271606,1.0794999599456787,0.34630000591278076,-0.18940000236034393,0.5253000259399414,0.06549999862909317,-0.8270000219345093,-0.1485999971628189,1.075700044631958,0.3546000123023987,-0.18940000236034393,0.5253000259399414,0.06549999862909317,-0.8270000219345093,-0.07930000126361847,1.0152000188827515,0.3093000054359436,0.3400999903678894,0.3481000065803528,0.4846999943256378,-0.7268000245094299,-0.0860000029206276,1.0469000339508057,0.3294000029563904,0.1940000057220459,0.4684000015258789,0.2840000092983246,-0.8137999773025513,-0.10279999673366547,1.061900019645691,0.3418999910354614,-0.05090000107884407,0.5090000033378601,0.21279999613761902,-0.8324999809265137,-0.11749999970197678,1.0641000270843506,0.3499999940395355,-0.13750000298023224,0.5705999732017517,0.1527000069618225,-0.7950999736785889,-0.13490000367164612,1.0642999410629272,0.35589998960494995,-0.13750000298023224,0.5705999732017517,0.1527000069618225,-0.7950999736785889
1771636679.366147,96,2591,3072.0,3072.0,3072.0,3072.0,3072.0,3072.0,3072.0,3072.0,2540.0,2894.0,2773.0,2418.0,2446.0,2583.0,2540.0,2590.0,3072.0,3072.0,3072.0,3072.0,3072.0,3072.0,3072.0,3072.0,2446.0,2705.0,2279.0,2772.0,2641.0,2714.0,2703.0,2641.0,3049.0,3072.0,3072.0,3072.0,3072.0,3072.0,3072.0,3072.0,2653.0,2850.0,2045.0,2706.0,2695.0,2706.0,2703.0,2641.0,3058.0,3072.0,2182.0,3072.0,3072.0,2340.0,3072.0,3072.0,3034.0,3023.0,2806.0,2706.0,2641.0,2779.0,2641.0,2703.0,3054.0,3072.0,2742.0,3072.0,3072.0,2792.0,3072.0,3072.0,2376.0,3072.0,3072.0,2470.0,2492.0,2583.0,2590.0,2764.0,3067.0,3072.0,3072.0,2878.0,3054.0,2330.0,2901.0,2954.0,2826.0,3072.0,3026.0,3064.0,2641.0,2779.0,2650.0,2650.0,3072.0,3072.0,3072.0,3072.0,3072.0,3072.0,3069.0,3072.0,2641.0,3072.0,3069.0,3063.0,2695.0,2706.0,2650.0,2703.0,3072.0,3072.0,3072.0,3072.0,3072.0,3072.0,3067.0,3050.0,1723.0,2807.0,2852.0,3066.0,2130.0,2273.0,2413.0,2492.0,3072.0,3072.0,3072.0,3072.0,3072.0,2919.0,3058.0,3048.0,3072.0,3072.0,3072.0,3065.0,2695.0,2706.0,2641.0,2641.0,2740.0,2997.0,2946.0,3072.0,2964.0,2810.0,3072.0,2813.0,3072.0,3072.0,3072.0,3066.0,2641.0,2706.0,2758.0,2695.0,3072.0,3072.0,3072.0,3072.0,3072.0,3072.0,3072.0,3045.0,3072.0,3072.0,2989.0,2714.0,2590.0,2706.0,2641.0,2641.0,3072.0,3072.0,3072.0,3072.0,3072.0,3072.0,3072.0,2695.0,3072.0,3072.0,3072.0,2443.0,2540.0,2643.0,2590.0,2641.0,2981.0,2536.0,2509.0,2517.0,3072.0,3072.0,3072.0,3072.0,3072.0,3072.0,3072.0,3072.0,3072.0,3072.0,3072.0,3072.0,3072.0,3072.0,3072.0,3072.0,3072.0,3072.0,3072.0,3072.0,3072.0,3072.0,3072.0,3072.0,3072.0,3004.0,3072.0,2996.0,3072.0,3072.0,3072.0,3072.0,3072.0,3072.0,3072.0,3072.0,3072.0,3072.0,3072.0,3072.0,3072.0,3072.0,3072.0,2776.0,3072.0,3072.0,3072.0,3072.0,3072.0,3072.0,3072.0,3072.0,3072.0,3072.0,3072.0,3072.0,3072.0,2871.0,2619.0,2402.0,-0.42089998722076416,0.929099977016449,0.43630000948905945,0.23989999294281006,0.03959999978542328,-0.1031000018119812,-0.9645000100135803,-0.42640000581741333,0.9527000188827515,0.49320000410079956,0.23989999294281006,0.03959999978542328,-0.1031000018119812,-0.9645000100135803,-0.3984000086784363,0.9323999881744385,0.477400004863739,0.10320000350475311,-0.16769999265670776,0.66839998960495,-0.7172999978065491,-0.38690000772476196,0.9301000237464905,0.5055000185966492,-0.12800000607967377,0.08340000361204147,0.6226000189781189,-0.7674999833106995,-0.3959999978542328,0.9271000027656555,0.5357999801635742,-0.3467000126838684,0.19930000603199005,0.6309999823570251,-0.6646999716758728,-0.4115999937057495,0.9229000210762024,0.552299976348877,-0.3467000126838684,0.19930000603199005,0.6309999823570251,-0.6646999716758728,-0.4074000120162964,0.9387000203132629,0.47350001335144043,0.23989999294281006,0.03959999978542328,-0.1031000018119812,-0.9645000100135803,-0.40939998626708984,0.968999981880188,0.519599974155426,0.04230000078678131,0.023900000378489494,-0.07329999655485153,-0.9961000084877014,-0.4113999903202057,0.9718000292778015,0.5551000237464905,-0.017500000074505806,0.023900000378489494,-0.10080000013113022,-0.9944999814033508,-0.4124000072479248,0.9708999991416931,0.5778999924659729,-0.0071000000461936,0.051600001752376556,-0.11630000174045563,-0.9918000102043152,-0.41499999165534973,0.9713000059127808,0.5986999869346619,-0.0071000000461936,0.051600001752376556,-0.11630000174045563,-0.9918000102043152,-0.42250001430511475,0.9370999932289124,0.4697999954223633,0.23989999294281006,0.03959999978542328,-0.1031000018119812,-0.9645000100135803,-0.4302000105381012,0.9682000279426575,0.516700029373169,-0.3147999942302704,0.022199999541044235,-0.15860000252723694,-0.9355999827384949,-0.4278999865055084,0.9441999793052673,0.5490000247955322,-0.8859999775886536,-0.09799999743700027,-0.1404000073671341,-0.4309999942779541,-0.41920000314712524,0.9251000285148621,0.5336999893188477,-0.9810000061988831,-0.08799999952316284,-0.12489999830722809,0.11990000307559967,-0.414000004529953,0.9301000237464905,0.5113999843597412,-0.9810000061988831,-0.08799999952316284,-0.12489999830722809,0.11990000307559967,-0.4377000033855438,0.9359999895095825,0.4672999978065491,0.23989999294281006,0.03959999978542328,-0.1031000018119812,-0.9645000100135803,-0.4462999999523163,0.9581000208854675,0.5121999979019165,-0.40369999408721924,-0.003599999938160181,-0.21279999613761902,-0.8898000121116638,-0.4397999942302704,0.9318000078201294,0.536899983882904,-0.902899980545044,-0.15209999680519104,-0.19609999656677246,-0.35089999437332153,-0.42829999327659607,0.9175000190734863,0.5199999809265137,-0.9484000205993652,-0.2167000025510788,-0.11840000003576279,0.1988999992609024,-0.4246000051498413,0.9258999824523926,0.49900001287460327,-0.9484000205993652,-0.2167000025510788,-0.11840000003576279,0.1988999992609024,-0.44440001249313354,0.9312999844551086,0.46810001134872437,0.20829999446868896,0.12219999730587006,-0.33390000462532043,-0.9111999869346619,-0.45989999175071716,0.944100022315979,0.5059999823570251,-0.4056999981403351,-0.049800001084804535,-0.30309998989105225,-0.86080002784729,-0.4503999948501587,0.9247999787330627,0.5252000093460083,-0.8835999965667725,-0.20090000331401825,-0.2623000144958496,-0.3319000005722046,-0.4390000104904175,0.9156000018119812,0.5128999948501587,-0.9138000011444092,-0.3244999945163727,-0.15299999713897705,0.19050000607967377,-0.4348999857902527,0.9240999817848206,0.49459999799728394,-0.9138000011444092,-0.3244999945163727,-0.15299999713897705,0.19050000607967377,-0.07639999687671661,0.9939000010490417,0.28189998865127563,0.482699990272522,0.36000001430511475,0.27559998631477356,-0.7493000030517578,-0.09549999982118607,1.0427000522613525,0.299699991941452,0.482699990272522,0.36000001430511475,0.27559998631477356,-0.7493000030517578,-0.11110000312328339,1.0166000127792358,0.2881999909877777,0.45829999446868896,0.18520000576972961,-0.6503999829292297,-0.57669997215271,-0.1331000030040741,1.024399995803833,0.3021000027656555,0.4302000105381012,0.12960000336170197,-0.5835999846458435,-0.6764000058174133,-0.15230000019073486,1.0364999771118164,0.3188999891281128,0.49079999327659607,0.22470000386238098,-0.6430000066757202,-0.5432999730110168,-0.17059999704360962,1.0418000221252441,0.32659998536109924,0.49079999327659607,0.22470000386238098,-0.6430000066757202,-0.5432999730110168,-0.10140000283718109,1.0197999477386475,0.28690001368522644,0.482699990272522,0.36000001430511475,0.27559998631477356,-0.7493000030517578,-0.11460000276565552,1.0666999816894531,0.2912999987602234,0.29019999504089355,0.4016999900341034,0.1446000039577484,-0.8564000129699707,-0.13369999825954437,1.0861999988555908,0.3073999881744385,0.048700001090765,0.4327000081539154,0.05869999900460243,-0.8982999920845032,-0.149399995803833,1.0889999866485596,0.3199999928474426,-0.037700001150369644,0.4147000014781952,0.03739999979734421,-0.9083999991416931,-0.16329999268054962,1.0891000032424927,0.33250001072883606,-0.037700001150369644,0.4147000014781952,0.03739999979734421,-0.9083999991416931,-0.09030000120401382,1.0185999870300293,0.2955000102519989,0.482699990272522,0.36000001430511475,0.27559998631477356,-0.7493000030517578,-0.1006999984383583,1.0667999982833862,0.30379998683929443,0.26429998874664307,0.41019999980926514,0.19179999828338623,-0.8514999747276306,-0.12219999730587006,1.0886000394821167,0.32260000705718994,-0.029400000348687172,0.453000009059906,0.06040000170469284,-0.8889999985694885,-0.14079999923706055,1.0886000394821167,0.3361000120639801,-0.16680000722408295,0.45910000801086426,0.052000001072883606,-0.8709999918937683,-0.15770000219345093,1.0844000577926636,0.3476000130176544,-0.16680000722408295,0.45910000801086426,0.052000001072883606,-0.8709999918937683,-0.08079999685287476,1.017899990081787,0.3025999963283539,0.482699990272522,0.36000001430511475,0.27559998631477356,-0.7493000030517578,-0.09229999780654907,1.0591000318527222,0.31690001487731934,0.2379000037908554,0.4153999984264374,0.2401999980211258,-0.8445000052452087,-0.11140000075101852,1.0786999464035034,0.3345000147819519,-0.04320000112056732,0.4837999939918518,0.13490000367164612,-0.8636000156402588,-0.13019999861717224,1.0800000429153442,0.34630000591278076,-0.19030000269412994,0.5245000123977661,0.06350000202655792,-0.8274999856948853,-0.14839999377727509,1.0760999917984009,0.3546000123023987,-0.19030000269412994,0.5245000123977661,0.06350000202655792,-0.8274999856948853,-0.07890000194311142,1.0157999992370605,0.3093000054359436,0.3402999937534332,0.3483000099658966,0.4830999970436096,-0.7276999950408936,-0.08569999784231186,1.0476000308990479,0.3294000029563904,0.19359999895095825,0.4684000015258789,0.28200000524520874,-0.8145999908447266,-0.10249999910593033,1.062399983406067,0.3418999910354614,-0.05220000073313713,0.5087000131607056,0.21040000021457672,-0.8331999778747559,-0.11720000207424164,1.0645999908447266,0.3499999940395355,-0.13950000703334808,0.5701000094413757,0.1500999927520752,-0.7955999970436096,-0.13459999859333038,1.0647000074386597,0.35589998960494995,-0.13950000703334808,0.5701000094413757,0.1500999927520752,-0.7955999970436096
1771636679.410651,138,2608,3072.0,3072.0,3072.0,3072.0,3072.0,3072.0,3072.0,3072.0,2599.0,2899.0,2791.0,2418.0,2446.0,2583.0,2599.0,2590.0,3072.0,3072.0,3072.0,3072.0,3072.0,3072.0,3072.0,3072.0,2446.0,2729.0,2323.0,2772.0,2641.0,2643.0,2703.0,2641.0,3038.0,3072.0,3072.0,3072.0,3072.0,3072.0,3072.0,3072.0,2606.0,2859.0,2052.0,2706.0,2695.0,2779.0,2703.0,2641.0,3054.0,3072.0,2101.0,3072.0,3072.0,2486.0,3072.0,3072.0,3034.0,3020.0,2810.0,2706.0,2641.0,2706.0,2641.0,2641.0,3052.0,3072.0,2742.0,3072.0,3072.0,2792.0,3072.0,3072.0,2318.0,3072.0,3072.0,2537.0,2492.0,2583.0,2590.0,2641.0,3069.0,3072.0,3072.0,2864.0,3037.0,2436.0,2902.0,2958.0,2841.0,3072.0,3009.0,3064.0,2641.0,2706.0,2590.0,2590.0,3072.0,3072.0,3072.0,3072.0,3072.0,3072.0,3069.0,3072.0,2703.0,3070.0,3069.0,3062.0,2633.0,2706.0,2590.0,2703.0,3072.0,3072.0,3072.0,3072.0,3072.0,3072.0,3068.0,3050.0,1798.0,2810.0,2840.0,3066.0,2130.0,2273.0,2358.0,2550.0,3072.0,3072.0,3072.0,3072.0,3072.0,2950.0,3060.0,3050.0,3072.0,3072.0,3072.0,3066.0,2695.0,2706.0,2641.0,2703.0,2712.0,2994.0,2962.0,3072.0,2980.0,2811.0,3072.0,2812.0,3072.0,3072.0,3072.0,3064.0,2641.0,2706.0,2695.0,2758.0,3072.0,3072.0,3072.0,3072.0,3072.0,3072.0,3072.0,3047.0,3072.0,3068.0,2981.0,2643.0,2590.0,2706.0,2641.0,2703.0,3072.0,3072.0,3072.0,3072.0,3072.0,3072.0,3072.0,2695.0,3072.0,3072.0,3072.0,2443.0,2481.0,2643.0,2590.0,2641.0,2983.0,2528.0,2520.0,2552.0,3072.0,3072.0,3072.0,3072.0,3072.0,3072.0,3072.0,3072.0,3072.0,3072.0,3072.0,3072.0,3072.0,3072.0,3072.0,3072.0,3072.0,3072.0,3072.0,3072.0,3072.0,3072.0,3072.0,3072.0,3072.0,2596.0,3072.0,3020.0,3072.0,3072.0,3072.0,3072.0,3072.0,3072.0,3072.0,3072.0,3072.0,3072.0,3072.0,3072.0,3072.0,3072.0,3072.0,2754.0,3072.0,3072.0,3072.0,3072.0,3072.0,3072.0,3072.0,3072.0,3072.0,3072.0,3072.0,3072.0,3072.0,3020.0,2645.0,2465.0,-0.4244000017642975,0.9258999824523926,0.43959999084472656,0.2296999990940094,0.03779999911785126,-0.09830000251531601,-0.9674999713897705,-0.429500013589859,0.9483000040054321,0.49709999561309814,0.2296999990940094,0.03779999911785126,-0.09830000251531601,-0.9674999713897705,-0.4018999934196472,0.9279000163078308,0.48080000281333923,0.09269999712705612,-0.1736000031232834,0.6721000075340271,-0.7139000296592712,-0.3905999958515167,0.9247999787330627,0.5090000033378601,-0.1362999975681305,0.07900000363588333,0.6287999749183655,-0.7615000009536743,-0.39980000257492065,0.9214000105857849,0.5392000079154968,-0.3467999994754791,0.18970000743865967,0.6396999955177307,-0.6590999960899353,-0.41519999504089355,0.9169999957084656,0.5558000206947327,-0.3467999994754791,0.18970000743865967,0.6396999955177307,-0.6590999960899353,-0.4108000099658966,0.934499979019165,0.47699999809265137,0.2296999990940094,0.03779999911785126,-0.09830000251531601,-0.9674999713897705,-0.4122999906539917,0.9639000296592712,0.5236999988555908,0.03310000151395798,0.014499999582767487,-0.0649000033736229,-0.9972000122070312,-0.41350001096725464,0.9661999940872192,0.5593000054359436,-0.0203000009059906,0.01590000092983246,-0.09179999679327011,-0.9954000115394592,-0.4140999913215637,0.9652000069618225,0.582099974155426,-0.007600000128149986,0.043800000101327896,-0.10719999670982361,-0.9932000041007996,-0.4163999855518341,0.965499997138977,0.6029999852180481,-0.007600000128149986,0.043800000101327896,-0.10719999670982361,-0.9932000041007996,-0.4259999990463257,0.9332000017166138,0.4733999967575073,0.2296999990940094,0.03779999911785126,-0.09830000251531601,-0.9674999713897705,-0.43309998512268066,0.9634000062942505,0.520799994468689,-0.32269999384880066,0.02329999953508377,-0.15219999849796295,-0.933899998664856,-0.4309000074863434,0.9387999773025513,0.5526999831199646,-0.8903999924659729,-0.09260000288486481,-0.13670000433921814,-0.42419999837875366,-0.42250001430511475,0.9199000000953674,0.5371000170707703,-0.9805999994277954,-0.08100000023841858,-0.12409999966621399,0.12809999287128448,-0.4174000024795532,0.9251999855041504,0.5148000121116638,-0.9805999994277954,-0.08100000023841858,-0.12409999966621399,0.12809999287128448,-0.44110000133514404,0.9322999715805054,0.4708999991416931,0.2296999990940094,0.03779999911785126,-0.09830000251531601,-0.9674999713897705,-0.44929999113082886,0.953499972820282,0.5162000060081482,-0.413100004196167,-0.0012000000569969416,-0.20730000734329224,-0.8867999911308289,-0.44290000200271606,0.9266999959945679,0.5403000116348267,-0.9075000286102295,-0.1459999978542328,-0.193900004029274,-0.34279999136924744,-0.43160000443458557,0.9125999808311462,0.5231000185012817,-0.9473999738693237,-0.210099995136261,-0.11919999867677689,0.20980000495910645,-0.42800000309944153,0.921500027179718,0.5023000240325928,-0.9473999738693237,-0.210099995136261,-0.11919999867677689,0.20980000495910645,-0.44780001044273376,0.9276000261306763,0.4715000092983246,0.19869999587535858,0.12300000339746475,-0.32839998602867126,-0.9151999950408936,-0.46309998631477356,0.9398000240325928,0.5097000002861023,-0.4153999984264374,-0.04670000076293945,-0.29789999127388,-0.8582000136375427,-0.4535999894142151,0.9200000166893005,0.5285000205039978,-0.8884000182151794,-0.1941000074148178,-0.2603999972343445,-0.3244999945163727,-0.4424000084400177,0.9108999967575073,0.515999972820282,-0.9133999943733215,-0.31790000200271606,-0.15399999916553497,0.20229999721050262,-0.4383000135421753,0.9197999835014343,0.49790000915527344,-0.9133999943733215,-0.31790000200271606,-0.15399999916553497,0.20229999721050262,-0.07590000331401825,0.9943000078201294,0.28220000863075256,0.48330000042915344,0.36000001430511475,0.27320000529289246,-0.7498000264167786,-0.09510000050067902,1.0430999994277954,0.29989999532699585,0.48330000042915344,0.36000001430511475,0.27320000529289246,-0.7498000264167786,-0.11069999635219574,1.0168999433517456,0.28850001096725464,0.45669999718666077,0.18359999358654022,-0.6528000235557556,-0.5758000016212463,-0.13259999454021454,1.0247000455856323,0.3025999963283539,0.429500013589859,0.1282999962568283,-0.5859000086784363,-0.6751000285148621,-0.1517000049352646,1.0368000268936157,0.31940001249313354,0.48969998955726624,0.22370000183582306,-0.6452999711036682,-0.5419999957084656,-0.17000000178813934,1.0420000553131104,0.32710000872612,0.48969998955726624,0.22370000183582306,-0.6452999711036682,-0.5419999957084656,-0.10100000351667404,1.0202000141143799,0.287200003862381,0.48330000042915344,0.36000001430511475,0.27320000529289246,-0.7498000264167786,-0.11429999768733978,1.0671000480651855,0.2915000021457672,0.2906000018119812,0.4011000096797943,0.14219999313354492,-0.8569999933242798,-0.13349999487400055,1.0865000486373901,0.3075999915599823,0.04879999905824661,0.43149998784065247,0.05640000104904175,-0.8989999890327454,-0.14910000562667847,1.0893000364303589,0.32030001282691956,-0.037700001150369644,0.41339999437332153,0.03519999980926514,-0.9090999960899353,-0.16300000250339508,1.089400053024292,0.3328000009059906,-0.037700001150369644,0.41339999437332153,0.03519999980926514,-0.9090999960899353,-0.08980000019073486,1.0190000534057617,0.29580000042915344,0.48330000042915344,0.36000001430511475,0.27320000529289246,-0.7498000264167786,-0.10040000081062317,1.067199945449829,0.30399999022483826,0.2655999958515167,0.40950000286102295,0.18979999423027039,-0.8518999814987183,-0.121799997985363,1.0889999866485596,0.32280001044273376,-0.02850000001490116,0.45179998874664307,0.05860000103712082,-0.8898000121116638,-0.1404000073671341,1.0891000032424927,0.33629998564720154,-0.16590000689029694,0.4577000141143799,0.05050000175833702,-0.871999979019165,-0.15729999542236328,1.0848000049591064,0.34779998660087585,-0.16590000689029694,0.4577000141143799,0.05050000175833702,-0.871999979019165,-0.08030000329017639,1.018399953842163,0.3027999997138977,0.48330000042915344,0.36000001430511475,0.27320000529289246,-0.7498000264167786,-0.09179999679327011,1.0595999956130981,0.31700000166893005,0.23829999566078186,0.41510000824928284,0.23770000040531158,-0.8452000021934509,-0.11100000143051147,1.079200029373169,0.33469998836517334,-0.04399999976158142,0.4828999936580658,0.13220000267028809,-0.8644999861717224,-0.1298000067472458,1.080299973487854,0.3465000092983246,-0.19130000472068787,0.5231000185012817,0.06080000102519989,-0.8282999992370605,-0.14790000021457672,1.076300024986267,0.3549000024795532,-0.19130000472068787,0.5231000185012817,0.06080000102519989,-0.8282999992370605,-0.07840000092983246,1.0163999795913696,0.3095000088214874,0.34130001068115234,0.3483000099658966,0.48100000619888306,-0.728600025177002,-0.0851999968290329,1.0480999946594238,0.3294999897480011,0.19380000233650208,0.46810001134872437,0.27959999442100525,-0.8155999779701233,-0.10199999809265137,1.0628999471664429,0.34200000762939453,-0.053599998354911804,0.5080000162124634,0.20749999582767487,-0.8342999815940857,-0.11680000275373459,1.065000057220459,0.35010001063346863,-0.14180000126361847,0.5691999793052673,0.1468999981880188,-0.7964000105857849,-0.13410000503063202,1.0649000406265259,0.3560999929904938,-0.14180000126361847,0.5691999793052673,0.1468999981880188,-0.7964000105857849
1771636679.449464,180,2617,3072.0,3072.0,3072.0,3072.0,3072.0,3072.0,3072.0,3072.0,2599.0,2918.0,2787.0,2418.0,2446.0,2583.0,2540.0,2590.0,3072.0,3072.0,3072.0,3072.0,3072.0,3072.0,3072.0,3072.0,2446.0,2722.0,2287.0,2847.0,2641.0,2571.0,2641.0,2641.0,3049.0,3072.0,3072.0,3072.0,3072.0,3072.0,3072.0,3072.0,2653.0,2910.0,2083.0,2706.0,2695.0,2779.0,2641.0,2641.0,3048.0,3072.0,2263.0,3072.0,3072.0,2486.0,3072.0,3072.0,3022.0,3025.0,2785.0,2706.0,2641.0,2706.0,2641.0,2641.0,3043.0,3072.0,2742.0,3072.0,3072.0,2653.0,3072.0,3072.0,2434.0,3072.0,3072.0,2470.0,2492.0,2583.0,2590.0,2641.0,3067.0,3072.0,3072.0,2895.0,3024.0,2330.0,2918.0,2943.0,2872.0,3072.0,3008.0,3064.0,2703.0,2706.0,2590.0,2650.0,3072.0,3072.0,3072.0,3072.0,3072.0,3072.0,3069.0,3072.0,2703.0,3070.0,3069.0,3062.0,2633.0,2706.0,2650.0,2703.0,3072.0,3072.0,3072.0,3072.0,3072.0,3072.0,3067.0,3048.0,2322.0,2847.0,2836.0,3066.0,2130.0,2273.0,2358.0,2492.0,3072.0,3072.0,3072.0,3072.0,3072.0,2950.0,3059.0,3046.0,3072.0,3072.0,3072.0,3066.0,2695.0,2706.0,2641.0,2641.0,2723.0,2983.0,2966.0,3072.0,3026.0,2793.0,3072.0,2813.0,3072.0,3072.0,3072.0,3066.0,2703.0,2706.0,2758.0,2695.0,3072.0,3072.0,3072.0,3072.0,3072.0,3072.0,3072.0,3037.0,3072.0,3064.0,2987.0,2571.0,2590.0,2706.0,2641.0,2703.0,3072.0,3072.0,3072.0,3072.0,3072.0,3072.0,3072.0,2695.0,3072.0,3072.0,3072.0,2443.0,2481.0,2643.0,2590.0,2641.0,2983.0,2528.0,2520.0,2552.0,3072.0,3072.0,3072.0,3072.0,3072.0,3072.0,3072.0,3072.0,3072.0,3045.0,3072.0,2949.0,3072.0,3072.0,3072.0,3072.0,3072.0,3072.0,3072.0,3072.0,3072.0,3072.0,3072.0,3072.0,3072.0,2974.0,3072.0,3072.0,3072.0,3072.0,3072.0,3072.0,3072.0,3072.0,3072.0,3072.0,3072.0,3072.0,3072.0,3072.0,3072.0,3072.0,3072.0,2815.0,3072.0,3072.0,3072.0,3072.0,3072.0,3072.0,3072.0,3072.0,3072.0,3072.0,3072.0,3072.0,3072.0,3051.0,2670.0,2446.0,-0.42669999599456787,0.9236999750137329,0.438400000333786,0.23260000348091125,0.035100001841783524,-0.09780000150203705,-0.9670000076293945,-0.43149998784065247,0.9465000033378601,0.4959000051021576,0.23260000348091125,0.035100001841783524,-0.09780000150203705,-0.9670000076293945,-0.4041999876499176,0.9258999824523926,0.4796000123023987,0.09369999915361404,-0.17020000517368317,0.6747999787330627,-0.711899995803833,-0.3928999900817871,0.9229000210762024,0.5078999996185303,-0.13369999825954437,0.08240000158548355,0.6304000020027161,-0.7602999806404114,-0.40220001339912415,0.9197999835014343,0.538100004196167,-0.3409000039100647,0.19009999930858612,0.6417999863624573,-0.660099983215332,-0.41749998927116394,0.9156000018119812,0.5548999905586243,-0.3409000039100647,0.19009999930858612,0.6417999863624573,-0.660099983215332,-0.41290000081062317,0.9325000047683716,0.4758000075817108,0.23260000348091125,0.035100001841783524,-0.09780000150203705,-0.9670000076293945,-0.4140999913215637,0.9621999859809875,0.5223000049591064,0.03759999945759773,0.006300000008195639,-0.06159999966621399,-0.9973999857902527,-0.4147000014781952,0.964900016784668,0.5577999949455261,-0.008799999952316284,0.008500000461935997,-0.08799999952316284,-0.9959999918937683,-0.41510000824928284,0.9643999934196472,0.5806999802589417,0.005900000222027302,0.03629999980330467,-0.1039000004529953,-0.9939000010490417,-0.4171000123023987,0.965399980545044,0.6015999913215637,0.005900000222027302,0.03629999980330467,-0.1039000004529953,-0.9939000010490417,-0.42820000648498535,0.9312999844551086,0.4722000062465668,0.23260000348091125,0.035100001841783524,-0.09780000150203705,-0.9670000076293945,-0.4348999857902527,0.9617999792098999,0.5195000171661377,-0.31850001215934753,0.02070000022649765,-0.15000000596046448,-0.935699999332428,-0.4325999915599823,0.9375,0.5515999794006348,-0.8888999819755554,-0.09290000051259995,-0.13330000638961792,-0.4284000098705292,-0.4244000017642975,0.91839998960495,0.5361999869346619,-0.9815999865531921,-0.07970000058412552,-0.12139999866485596,0.12380000203847885,-0.41940000653266907,0.9235000014305115,0.5138000249862671,-0.9815999865531921,-0.07970000058412552,-0.12139999866485596,0.12380000203847885,-0.4431999921798706,0.930400013923645,0.4697999954223633,0.23260000348091125,0.035100001841783524,-0.09780000150203705,-0.9670000076293945,-0.451200008392334,0.9519000053405762,0.5149999856948853,-0.4106999933719635,-0.003599999938160181,-0.20509999990463257,-0.8884000182151794,-0.4447999894618988,0.9251999855041504,0.5393000245094299,-0.9068999886512756,-0.1462000012397766,-0.1906999945640564,-0.34610000252723694,-0.4336000084877014,0.9108999967575073,0.5220999717712402,-0.9485999941825867,-0.20880000293254852,-0.11630000174045563,0.20749999582767487,-0.4300999939441681,0.919700026512146,0.5012000203132629,-0.9485999941825867,-0.20880000293254852,-0.11630000174045563,0.20749999582767487,-0.44999998807907104,0.9257000088691711,0.47049999237060547,0.20100000500679016,0.11980000138282776,-0.32820001244544983,-0.9151999950408936,-0.4650000035762787,0.9381999969482422,0.5087000131607056,-0.41350001096725464,-0.049800001084804535,-0.29510000348091125,-0.8598999977111816,-0.4555000066757202,0.9185000061988831,0.5274999737739563,-0.8880000114440918,-0.19449999928474426,-0.2565999925136566,-0.32820001244544983,-0.44440001249313354,0.9092000126838684,0.5151000022888184,-0.9146000146865845,-0.3167000114917755,-0.14949999749660492,0.20200000703334808,-0.4404999911785126,0.9180999994277954,0.4968000054359436,-0.9146000146865845,-0.3167000114917755,-0.14949999749660492,0.20200000703334808,-0.07540000230073929,0.994700014591217,0.2825999855995178,0.48399999737739563,0.3596000075340271,0.2709999978542328,-0.7502999901771545,-0.09459999948740005,1.0434999465942383,0.3003000020980835,0.48399999737739563,0.3596000075340271,0.2709999978542328,-0.7502999901771545,-0.11010000109672546,1.017199993133545,0.2890999913215637,0.454800009727478,0.18199999630451202,-0.6552000045776367,-0.5751000046730042,-0.13199999928474426,1.024999976158142,0.30320000648498535,0.42890000343322754,0.12729999423027039,-0.588100016117096,-0.673799991607666,-0.15109999477863312,1.0369999408721924,0.32019999623298645,0.4887999892234802,0.22310000658035278,-0.6474000215530396,-0.5406000018119812,-0.16940000653266907,1.042199969291687,0.3278999924659729,0.4887999892234802,0.22310000658035278,-0.6474000215530396,-0.5406000018119812,-0.10050000250339508,1.0204999446868896,0.28769999742507935,0.48399999737739563,0.3596000075340271,0.2709999978542328,-0.7502999901771545,-0.11389999836683273,1.0673999786376953,0.29190000891685486,0.2913999855518341,0.4000999927520752,0.14020000398159027,-0.8575000166893005,-0.1331000030040741,1.0867999792099,0.30809998512268066,0.049300000071525574,0.4300999939441681,0.05469999834895134,-0.8998000025749207,-0.14869999885559082,1.0894999504089355,0.3208000063896179,-0.03700000047683716,0.4117000102996826,0.03370000049471855,-0.9099000096321106,-0.16249999403953552,1.0895999670028687,0.33340001106262207,-0.03700000047683716,0.4117000102996826,0.03370000049471855,-0.9099000096321106,-0.0892999991774559,1.0194000005722046,0.2962999939918518,0.48399999737739563,0.3596000075340271,0.2709999978542328,-0.7502999901771545,-0.10000000149011612,1.0676000118255615,0.3043999969959259,0.2667999863624573,0.40849998593330383,0.18799999356269836,-0.852400004863739,-0.12129999697208405,1.089400053024292,0.323199987411499,-0.027499999850988388,0.45019999146461487,0.05719999969005585,-0.8906999826431274,-0.13989999890327454,1.0894999504089355,0.3368000090122223,-0.164900004863739,0.4560000002384186,0.049400001764297485,-0.873199999332428,-0.156700000166893,1.0851999521255493,0.3483999967575073,-0.164900004863739,0.4560000002384186,0.049400001764297485,-0.873199999332428,-0.07980000227689743,1.0188000202178955,0.30320000648498535,0.48399999737739563,0.3596000075340271,0.2709999978542328,-0.7502999901771545,-0.09130000323057175,1.059999942779541,0.3174000084400177,0.2387000024318695,0.41429999470710754,0.23549999296665192,-0.8460999727249146,-0.11050000041723251,1.0794999599456787,0.335099995136261,-0.04439999908208847,0.4814999997615814,0.12999999523162842,-0.8655999898910522,-0.12929999828338623,1.0806000232696533,0.34689998626708984,-0.19210000336170197,0.5214999914169312,0.05889999866485596,-0.8292999863624573,-0.14740000665187836,1.0765999555587769,0.3553999960422516,-0.19210000336170197,0.5214999914169312,0.05889999866485596,-0.8292999863624573,-0.07779999822378159,1.016800045967102,0.3098999857902527,0.3422999978065491,0.34790000319480896,0.4790000021457672,-0.7296000123023987,-0.08460000157356262,1.0485999584197998,0.32989999651908875,0.19419999420642853,0.46709999442100525,0.2775999903678894,-0.8166999816894531,-0.10140000283718109,1.0634000301361084,0.3424000144004822,-0.054499998688697815,0.5069000124931335,0.20520000159740448,-0.8353999853134155,-0.11620000004768372,1.0652999877929688,0.350600004196167,-0.14350000023841858,0.5680000185966492,0.1445000022649765,-0.7973999977111816,-0.13349999487400055,1.0651999711990356,0.3564999997615814,-0.14350000023841858,0.5680000185966492,0.1445000022649765,-0.7973999977111816
1771636679.491866,222,2647,3072.0,3072.0,3072.0,3072.0,3072.0,3072.0,3072.0,3072.0,2599.0,2920.0,2830.0,2418.0,2446.0,2583.0,2540.0,2590.0,3072.0,3072.0,3072.0,3072.0,3072.0,3072.0,3072.0,3072.0,2446.0,2722.0,2307.0,2697.0,2580.0,2643.0,2641.0,2641.0,3049.0,3072.0,3072.0,3072.0,3072.0,3072.0,3072.0,3072.0,2653.0,2945.0,2160.0,2633.0,2695.0,2706.0,2641.0,2703.0,3056.0,3072.0,2263.0,3072.0,3072.0,2340.0,3072.0,3072.0,3047.0,3018.0,2773.0,2706.0,2641.0,2779.0,2703.0,2703.0,3051.0,3072.0,2852.0,3072.0,3072.0,2653.0,3072.0,3072.0,2434.0,3072.0,3072.0,2470.0,2492.0,2653.0,2590.0,2641.0,3067.0,3065.0,3072.0,2892.0,3043.0,2224.0,2894.0,2963.0,2856.0,3072.0,3021.0,3063.0,2641.0,2706.0,2590.0,2590.0,3072.0,3072.0,3072.0,3072.0,3072.0,3072.0,3069.0,3072.0,2641.0,3072.0,3069.0,3065.0,2633.0,2779.0,2650.0,2703.0,3072.0,3072.0,3072.0,3072.0,3072.0,3072.0,3067.0,3050.0,2172.0,2813.0,2884.0,3067.0,2130.0,2334.0,2358.0,2492.0,3072.0,3072.0,3072.0,3072.0,3072.0,2919.0,3058.0,3050.0,3072.0,3072.0,3072.0,3066.0,2695.0,2779.0,2641.0,2703.0,2706.0,2987.0,2962.0,3072.0,3002.0,2796.0,3072.0,2856.0,3072.0,3072.0,3072.0,3066.0,2641.0,2706.0,2695.0,2695.0,3072.0,3072.0,3072.0,3072.0,3072.0,3072.0,3072.0,3062.0,3072.0,3053.0,2978.0,2643.0,2590.0,2706.0,2641.0,2703.0,3072.0,3072.0,3072.0,3072.0,3072.0,3072.0,3072.0,2698.0,3072.0,3072.0,3072.0,2443.0,2540.0,2643.0,2590.0,2641.0,2932.0,2534.0,2515.0,2514.0,3072.0,3072.0,3072.0,3072.0,3072.0,3072.0,3072.0,3072.0,3072.0,3011.0,3072.0,2976.0,3072.0,3072.0,3072.0,3072.0,3072.0,3072.0,3072.0,3072.0,3072.0,3072.0,3072.0,3072.0,3072.0,2942.0,3072.0,3047.0,3072.0,3072.0,3072.0,3072.0,3072.0,3072.0,3072.0,3072.0,3072.0,3072.0,3072.0,3072.0,3072.0,3072.0,3072.0,2743.0,3072.0,3072.0,3072.0,3072.0,3072.0,3072.0,3072.0,3072.0,3072.0,3072.0,3072.0,3072.0,3072.0,3037.0,2709.0,2418.0,-0.427700012922287,0.9223999977111816,0.4345000088214874,0.23800000548362732,0.03480000048875809,-0.1005999967455864,-0.965399980545044,-0.4325999915599823,0.945900022983551,0.4916999936103821,0.23800000548362732,0.03480000048875809,-0.1005999967455864,-0.965399980545044,-0.4052000045776367,0.9251000285148621,0.4756999909877777,0.09910000115633011,-0.16380000114440918,0.6741999983787537,-0.7132999897003174,-0.39399999380111694,0.9226999878883362,0.5040000081062317,-0.1282999962568283,0.08760000020265579,0.6273999810218811,-0.7631000280380249,-0.4032999873161316,0.9200000166893005,0.5342000126838684,-0.337799996137619,0.19580000638961792,0.6376000046730042,-0.6640999913215637,-0.4187000095844269,0.9160000085830688,0.5511000156402588,-0.337799996137619,0.19580000638961792,0.6376000046730042,-0.6640999913215637,-0.414000004529953,0.9316999912261963,0.4717999994754791,0.23800000548362732,0.03480000048875809,-0.1005999967455864,-0.965399980545044,-0.41519999504089355,0.9620000123977661,0.5178999900817871,0.04520000144839287,0.0019000000320374966,-0.06270000338554382,-0.996999979019165,-0.4156000018119812,0.9652000069618225,0.5533999800682068,0.005499999970197678,0.004399999976158142,-0.08889999985694885,-0.9959999918937683,-0.415800005197525,0.965399980545044,0.5763000249862671,0.0215000007301569,0.03220000118017197,-0.10520000010728836,-0.9937000274658203,-0.41769999265670776,0.9671000242233276,0.597100019454956,0.0215000007301569,0.03220000118017197,-0.10520000010728836,-0.9937000274658203,-0.4291999936103821,0.9302999973297119,0.4681999981403351,0.23800000548362732,0.03480000048875809,-0.1005999967455864,-0.965399980545044,-0.4361000061035156,0.9613999724388123,0.5151000022888184,-0.3125999867916107,0.018200000748038292,-0.1517000049352646,-0.9375,-0.4336000084877014,0.9375,0.5475999712944031,-0.8859000205993652,-0.09600000083446503,-0.13269999623298645,-0.4339999854564667,-0.4253999888896942,0.9182999730110168,0.5322999954223633,-0.9824000000953674,-0.08240000158548355,-0.11969999969005585,0.11760000139474869,-0.4203999936580658,0.9230999946594238,0.5098999738693237,-0.9824000000953674,-0.08240000158548355,-0.11969999969005585,0.11760000139474869,-0.4442000091075897,0.9294000267982483,0.4657000005245209,0.23800000548362732,0.03480000048875809,-0.1005999967455864,-0.965399980545044,-0.4523000121116638,0.9513999819755554,0.510699987411499,-0.4059000015258789,-0.006500000134110451,-0.20669999718666077,-0.8902000188827515,-0.4456999897956848,0.925000011920929,0.5353000164031982,-0.9043999910354614,-0.14959999918937683,-0.1899999976158142,-0.351500004529953,-0.4345000088214874,0.9104999899864197,0.5182999968528748,-0.9495999813079834,-0.21140000224113464,-0.11410000175237656,0.2013999968767166,-0.4309999942779541,0.9190000295639038,0.49729999899864197,-0.9495999813079834,-0.21140000224113464,-0.11410000175237656,0.2013999968767166,-0.45100000500679016,0.9247000217437744,0.46650001406669617,0.20579999685287476,0.11810000240802765,-0.3312999904155731,-0.9132000207901001,-0.4661000072956085,0.9375,0.5045999884605408,-0.40880000591278076,-0.05389999970793724,-0.29589998722076416,-0.8615999817848206,-0.4564000070095062,0.9180999994277954,0.5235999822616577,-0.8855999708175659,-0.1981000006198883,-0.2549000084400177,-0.33390000462532043,-0.44519999623298645,0.9086999893188477,0.5113000273704529,-0.9151999950408936,-0.31929999589920044,-0.14509999752044678,0.19850000739097595,-0.4415000081062317,0.9174000024795532,0.49300000071525574,-0.9151999950408936,-0.31929999589920044,-0.14509999752044678,0.19850000739097595,-0.07490000128746033,0.9950000047683716,0.28290000557899475,0.48420000076293945,0.35920000076293945,0.26980000734329224,-0.7508000135421753,-0.094200000166893,1.0436999797821045,0.30070000886917114,0.48420000076293945,0.35920000076293945,0.26980000734329224,-0.7508000135421753,-0.10970000177621841,1.0174000263214111,0.28949999809265137,0.4537000060081482,0.18150000274181366,-0.6564000248908997,-0.5748000144958496,-0.1315000057220459,1.0250999927520752,0.3037000000476837,0.42910000681877136,0.12759999930858612,-0.5891000032424927,-0.6728000044822693,-0.15060000121593475,1.0371999740600586,0.3206999897956848,0.4887999892234802,0.22349999845027924,-0.6481999754905701,-0.5394999980926514,-0.16899999976158142,1.0422999858856201,0.32839998602867126,0.4887999892234802,0.22349999845027924,-0.6481999754905701,-0.5394999980926514,-0.10000000149011612,1.0206999778747559,0.288100004196167,0.48420000076293945,0.35920000076293945,0.26980000734329224,-0.7508000135421753,-0.11349999904632568,1.0676000118255615,0.2922999858856201,0.2922999858856201,0.3995000123977661,0.13930000364780426,-0.8575999736785889,-0.13259999454021454,1.0870000123977661,0.3084999918937683,0.050200000405311584,0.4293000102043152,0.05400000140070915,-0.9002000093460083,-0.14820000529289246,1.0898000001907349,0.32120001316070557,-0.035999998450279236,0.4108999967575073,0.03319999948143959,-0.9103999733924866,-0.16200000047683716,1.089900016784668,0.33379998803138733,-0.035999998450279236,0.4108999967575073,0.03319999948143959,-0.9103999733924866,-0.08879999816417694,1.0196000337600708,0.29660001397132874,0.48420000076293945,0.35920000076293945,0.26980000734329224,-0.7508000135421753,-0.09950000047683716,1.0678000450134277,0.30469998717308044,0.26820001006126404,0.4075999855995178,0.1873999983072281,-0.8525000214576721,-0.120899997651577,1.0896999835968018,0.32350000739097595,-0.026000000536441803,0.44920000433921814,0.057100001722574234,-0.8912000060081482,-0.13940000534057617,1.0898000001907349,0.33719998598098755,-0.16300000250339508,0.45509999990463257,0.0494999997317791,-0.8740000128746033,-0.15620000660419464,1.0857000350952148,0.34880000352859497,-0.16300000250339508,0.45509999990463257,0.0494999997317791,-0.8740000128746033,-0.07930000126361847,1.0190999507904053,0.303600013256073,0.48420000076293945,0.35920000076293945,0.26980000734329224,-0.7508000135421753,-0.0908999964594841,1.0602999925613403,0.31779998540878296,0.23899999260902405,0.41370001435279846,0.23440000414848328,-0.8465999960899353,-0.10999999940395355,1.079800009727478,0.33550000190734863,-0.044199999421834946,0.4805999994277954,0.12929999828338623,-0.8661999702453613,-0.12880000472068787,1.0808000564575195,0.3472999930381775,-0.19189999997615814,0.5203999876976013,0.05849999934434891,-0.8299999833106995,-0.1467999964952469,1.076799988746643,0.35580000281333923,-0.19189999997615814,0.5203999876976013,0.05849999934434891,-0.8299999833106995,-0.07720000296831131,1.0170999765396118,0.31029999256134033,0.34279999136924744,0.3474999964237213,0.4779999852180481,-0.7303000092506409,-0.08410000056028366,1.048799991607666,0.3303000032901764,0.19460000097751617,0.46630001068115234,0.2768999934196472,-0.817300021648407,-0.10090000182390213,1.063599944114685,0.34279999136924744,-0.05469999834895134,0.5059999823570251,0.2045000046491623,-0.8360999822616577,-0.11559999734163284,1.065600037574768,0.35100001096725464,-0.14380000531673431,0.5670999884605408,0.14390000700950623,-0.7980999946594238,-0.13300000131130219,1.0654000043869019,0.3569999933242798,-0.14380000531673431,0.5670999884605408,0.14390000700950623,-0.7980999946594238
1771636679.535459,264,2721,3072.0,3072.0,3072.0,3072.0,3072.0,3072.0,3072.0,3072.0,2599.0,2963.0,2874.0,2353.0,2446.0,2583.0,2599.0,2590.0,3072.0,3072.0,3072.0,3072.0,3072.0,3072.0,3072.0,3072.0,2446.0,2758.0,2391.0,2697.0,2641.0,2643.0,2641.0,2641.0,3038.0,3072.0,3072.0,3072.0,3072.0,3072.0,3072.0,3072.0,2653.0,2976.0,2369.0,2706.0,2695.0,2706.0,2703.0,2641.0,3053.0,3072.0,2182.0,3072.0,3072.0,2633.0,3072.0,3072.0,3034.0,3013.0,2831.0,2706.0,2641.0,2706.0,2641.0,2641.0,3049.0,3072.0,2742.0,3072.0,3072.0,2792.0,3072.0,3072.0,2376.0,3072.0,3072.0,2404.0,2492.0,2513.0,2590.0,2641.0,3067.0,3065.0,3072.0,2876.0,3035.0,2436.0,2910.0,2961.0,2856.0,3066.0,3004.0,3064.0,2580.0,2706.0,2590.0,2590.0,3072.0,3072.0,3072.0,3072.0,3072.0,3072.0,3069.0,3072.0,2641.0,3070.0,3068.0,3062.0,2695.0,2706.0,2650.0,2641.0,3072.0,3072.0,3072.0,3072.0,3072.0,3072.0,3067.0,3055.0,2172.0,2866.0,2882.0,3066.0,2180.0,2273.0,2358.0,2492.0,3072.0,3072.0,3072.0,3072.0,3072.0,2980.0,3057.0,3053.0,3057.0,3072.0,3072.0,3066.0,2758.0,2706.0,2641.0,2641.0,2712.0,2998.0,2994.0,3072.0,2987.0,2810.0,3072.0,2925.0,3072.0,3072.0,3072.0,3066.0,2641.0,2706.0,2758.0,2758.0,3072.0,3072.0,3072.0,3072.0,3072.0,3072.0,3072.0,3072.0,3072.0,3062.0,2990.0,2571.0,2650.0,2706.0,2641.0,2641.0,3072.0,3072.0,3072.0,3072.0,3072.0,3072.0,3072.0,2675.0,3072.0,3072.0,3072.0,2443.0,2481.0,2643.0,2650.0,2641.0,2928.0,2547.0,2482.0,2529.0,3072.0,3072.0,3072.0,3072.0,3072.0,3072.0,3072.0,3072.0,3072.0,3072.0,3072.0,2929.0,3072.0,3072.0,3072.0,3072.0,3072.0,3072.0,3072.0,3072.0,3072.0,3072.0,3072.0,3072.0,3072.0,2981.0,3072.0,3072.0,3072.0,3072.0,3072.0,3072.0,3072.0,3072.0,3072.0,3072.0,3072.0,3072.0,3072.0,3072.0,3072.0,3072.0,3072.0,2798.0,3072.0,3072.0,3072.0,3072.0,3072.0,3072.0,3072.0,3072.0,3072.0,3072.0,3072.0,3072.0,3072.0,3072.0,2574.0,2459.0,-0.4300999939441681,0.9197999835014343,0.421999990940094,0.2506999969482422,0.03150000050663948,-0.11640000343322754,-0.9605000019073486,-0.4350000023841858,0.9447000026702881,0.47859999537467957,0.2506999969482422,0.03150000050663948,-0.11640000343322754,-0.9605000019073486,-0.40720000863075256,0.9243999719619751,0.4629000127315521,0.11860000342130661,-0.15369999408721924,0.6643999814987183,-0.7217000126838684,-0.39559999108314514,0.92330002784729,0.491100013256073,-0.11230000108480453,0.09269999712705612,0.6134999990463257,-0.776199996471405,-0.40450000762939453,0.9214000105857849,0.5216000080108643,-0.326200008392334,0.19900000095367432,0.6241999864578247,-0.6815000176429749,-0.4196000099182129,0.9175000190734863,0.5386999845504761,-0.326200008392334,0.19900000095367432,0.6241999864578247,-0.6815000176429749,-0.41620001196861267,0.9304999709129333,0.45890000462532043,0.2506999969482422,0.03150000050663948,-0.11640000343322754,-0.9605000019073486,-0.4178999960422516,0.9621000289916992,0.5041999816894531,0.06069999933242798,-0.005799999926239252,-0.07670000195503235,-0.995199978351593,-0.41780000925064087,0.9664000272750854,0.5396000146865845,0.023900000378489494,-0.0038999998942017555,-0.10260000079870224,-0.9944000244140625,-0.41769999265670776,0.9674999713897705,0.5623999834060669,0.03970000147819519,0.023800000548362732,-0.11949999630451202,-0.9918000102043152,-0.41940000653266907,0.9699000120162964,0.583299994468689,0.03970000147819519,0.023800000548362732,-0.11949999630451202,-0.9918000102043152,-0.43140000104904175,0.928600013256073,0.4555000066757202,0.2506999969482422,0.03150000050663948,-0.11640000343322754,-0.9605000019073486,-0.43869999051094055,0.9607999920845032,0.5016000270843506,-0.29980000853538513,0.00570000009611249,-0.16329999268054962,-0.9398999810218811,-0.4352000057697296,0.9380000233650208,0.5347999930381775,-0.8787999749183655,-0.11320000141859055,-0.13189999759197235,-0.44449999928474426,-0.42649999260902405,0.9185000061988831,0.5199999809265137,-0.9835000038146973,-0.09730000048875809,-0.11060000211000443,0.10530000180006027,-0.421999990940094,0.9228000044822693,0.49729999899864197,-0.9835000038146973,-0.09730000048875809,-0.11060000211000443,0.10530000180006027,-0.4465000033378601,0.9271000027656555,0.45329999923706055,0.2506999969482422,0.03150000050663948,-0.11640000343322754,-0.9605000019073486,-0.4546000063419342,0.9502000212669373,0.4977000057697296,-0.39430001378059387,-0.02070000022649765,-0.21690000593662262,-0.892799973487854,-0.44699999690055847,0.9247000217437744,0.5230000019073486,-0.8978999853134155,-0.1671999990940094,-0.1875,-0.36160001158714294,-0.43560001254081726,0.910099983215332,0.5062999725341797,-0.9502000212669373,-0.22529999911785126,-0.10270000249147415,0.1890999972820282,-0.4325999915599823,0.9179999828338623,0.48500001430511475,-0.9502000212669373,-0.22529999911785126,-0.10270000249147415,0.1890999972820282,-0.453000009059906,0.9222999811172485,0.45419999957084656,0.2152000069618225,0.1111999973654747,-0.3472999930381775,-0.9059000015258789,-0.46810001134872437,0.935699999332428,0.4921000003814697,-0.39730000495910645,-0.07000000029802322,-0.30410000681877136,-0.8629999756813049,-0.4575999975204468,0.9172000288963318,0.5116000175476074,-0.8788999915122986,-0.21610000729560852,-0.25060001015663147,-0.34360000491142273,-0.446399986743927,0.9077000021934509,0.49939998984336853,-0.9146000146865845,-0.3327000141143799,-0.13130000233650208,0.188400000333786,-0.4431000053882599,0.9158999919891357,0.48080000281333923,-0.9146000146865845,-0.3327000141143799,-0.13130000233650208,0.188400000333786,-0.07450000196695328,0.9955000281333923,0.28349998593330383,0.4851999878883362,0.3587000072002411,0.2676999866962433,-0.7512000203132629,-0.09390000253915787,1.0441999435424805,0.3012000024318695,0.4851999878883362,0.3587000072002411,0.2676999866962433,-0.7512000203132629,-0.10939999669790268,1.017899990081787,0.29019999504089355,0.45320001244544983,0.18039999902248383,-0.6579999923706055,-0.5737000107765198,-0.13120000064373016,1.0255999565124512,0.3043999969959259,0.4300000071525574,0.1274999976158142,-0.590399980545044,-0.6710000038146973,-0.15039999783039093,1.037600040435791,0.3212999999523163,0.489300012588501,0.22339999675750732,-0.649399995803833,-0.5375000238418579,-0.16869999468326569,1.0427000522613525,0.32899999618530273,0.489300012588501,0.22339999675750732,-0.649399995803833,-0.5375000238418579,-0.09969999641180038,1.0211999416351318,0.28870001435279846,0.4851999878883362,0.3587000072002411,0.2676999866962433,-0.7512000203132629,-0.11330000311136246,1.0680999755859375,0.2928999960422516,0.2930000126361847,0.3986999988555908,0.1371999979019165,-0.8580999970436096,-0.1324000060558319,1.087499976158142,0.3089999854564667,0.050700001418590546,0.4278999865055084,0.05209999904036522,-0.9009000062942505,-0.14800000190734863,1.0901999473571777,0.32179999351501465,-0.035599999129772186,0.40939998626708984,0.03139999881386757,-0.9110999703407288,-0.16179999709129333,1.0902999639511108,0.3343999981880188,-0.035599999129772186,0.40939998626708984,0.03139999881386757,-0.9110999703407288,-0.0885000005364418,1.0200999975204468,0.2971999943256378,0.4851999878883362,0.3587000072002411,0.2676999866962433,-0.7512000203132629,-0.09929999709129333,1.0683000087738037,0.3052000105381012,0.26930001378059387,0.4068000018596649,0.18549999594688416,-0.8529999852180481,-0.12060000002384186,1.0901999473571777,0.3240000009536743,-0.02500000037252903,0.44780001044273376,0.05559999868273735,-0.8920999765396118,-0.13910000026226044,1.0902999639511108,0.337799996137619,-0.16189999878406525,0.45350000262260437,0.04830000177025795,-0.8751000165939331,-0.155799999833107,1.0861999988555908,0.34940001368522644,-0.16189999878406525,0.45350000262260437,0.04830000177025795,-0.8751000165939331,-0.07890000194311142,1.0196000337600708,0.30410000681877136,0.4851999878883362,0.3587000072002411,0.2676999866962433,-0.7512000203132629,-0.09059999883174896,1.0607999563217163,0.3181999921798706,0.23989999294281006,0.41280001401901245,0.23250000178813934,-0.8472999930381775,-0.10970000177621841,1.080299973487854,0.3359000086784363,-0.04360000044107437,0.47929999232292175,0.12780000269412994,-0.8672000169754028,-0.12839999794960022,1.0814000368118286,0.34790000319480896,-0.19140000641345978,0.5188999772071838,0.057100001722574234,-0.8312000036239624,-0.14640000462532043,1.077299952507019,0.3564000129699707,-0.19140000641345978,0.5188999772071838,0.057100001722574234,-0.8312000036239624,-0.07689999788999557,1.0176000595092773,0.3107999861240387,0.3440999984741211,0.3472000062465668,0.47620001435279846,-0.7310000061988831,-0.08370000123977661,1.049399971961975,0.33070001006126404,0.195700004696846,0.4652000069618225,0.275299996137619,-0.8181999921798706,-0.10050000250339508,1.0642000436782837,0.3433000147342682,-0.05429999902844429,0.504800021648407,0.20309999585151672,-0.8373000025749207,-0.1151999980211258,1.0662000179290771,0.351500004529953,-0.1437000036239624,0.5656999945640564,0.14259999990463257,-0.7993999719619751,-0.13249999284744263,1.0658999681472778,0.35760000348091125,-0.1437000036239624,0.5656999945640564,0.14259999990463257,-0.7993999719619751
1771636679.575262,305,2788,3072.0,3072.0,3072.0,3072.0,3072.0,3072.0,3072.0,3072.0,2599.0,2965.0,2876.0,2418.0,2446.0,2583.0,2540.0,2710.0,3072.0,3072.0,3072.0,3072.0,3072.0,3072.0,3072.0,3072.0,2503.0,2853.0,2505.0,2697.0,2641.0,2643.0,2641.0,2641.0,3038.0,3072.0,3072.0,3072.0,3072.0,3072.0,3072.0,3072.0,2653.0,3065.0,2465.0,2706.0,2695.0,2706.0,2703.0,2641.0,3054.0,3072.0,2182.0,3072.0,3072.0,2048.0,3072.0,3072.0,3047.0,3031.0,2848.0,2633.0,2641.0,2706.0,2703.0,2641.0,3045.0,3072.0,2633.0,3072.0,3072.0,2373.0,3072.0,3072.0,2434.0,3072.0,3072.0,2404.0,2434.0,2513.0,2590.0,2641.0,3064.0,3072.0,3072.0,2878.0,3020.0,2224.0,2920.0,2971.0,2872.0,3072.0,2996.0,3064.0,2641.0,2706.0,2590.0,2590.0,3072.0,3072.0,3072.0,3072.0,3072.0,3072.0,3069.0,3072.0,2580.0,3069.0,3069.0,3062.0,2695.0,2706.0,2590.0,2703.0,3072.0,3072.0,3072.0,3072.0,3072.0,3072.0,3065.0,3051.0,2472.0,2811.0,2842.0,3066.0,2180.0,2273.0,2413.0,2492.0,3072.0,3072.0,3072.0,3072.0,3072.0,2859.0,3056.0,3050.0,3072.0,3072.0,3072.0,3066.0,2758.0,2706.0,2641.0,2641.0,2702.0,3004.0,2998.0,3072.0,3072.0,2827.0,3072.0,2912.0,3072.0,3072.0,3072.0,3066.0,2641.0,2706.0,2695.0,2695.0,3072.0,3072.0,3072.0,3072.0,3072.0,3072.0,3072.0,3072.0,3072.0,3072.0,3021.0,2571.0,2590.0,2633.0,2641.0,2641.0,3072.0,3072.0,3072.0,3072.0,3072.0,3072.0,3072.0,2752.0,3072.0,3072.0,3072.0,2443.0,2481.0,2571.0,2590.0,2641.0,2966.0,2658.0,2567.0,2589.0,3072.0,3072.0,3072.0,3072.0,3072.0,3072.0,3072.0,3072.0,3072.0,3018.0,3072.0,2991.0,3072.0,3072.0,3072.0,3072.0,3072.0,3072.0,3072.0,3072.0,3072.0,3072.0,3072.0,3072.0,3072.0,2896.0,3072.0,3072.0,3072.0,3072.0,3072.0,3072.0,3072.0,3072.0,3072.0,3072.0,3072.0,3072.0,3072.0,3072.0,3072.0,3072.0,3072.0,2741.0,3072.0,3072.0,3072.0,3072.0,3072.0,3072.0,3072.0,3072.0,3072.0,3072.0,3072.0,3072.0,3072.0,3072.0,2551.0,2469.0,-0.42980000376701355,0.9136999845504761,0.39340001344680786,0.3237999975681305,0.013899999670684338,-0.18129999935626984,-0.9284999966621399,-0.43560001254081726,0.9470000267028809,0.445499986410141,0.3237999975681305,0.013899999670684338,-0.18129999935626984,-0.9284999966621399,-0.40610000491142273,0.9276000261306763,0.43160000443458557,0.20559999346733093,-0.10530000180006027,0.6262999773025513,-0.7445999979972839,-0.39340001344680786,0.9329000115394592,0.45899999141693115,-0.03629999980330467,0.1200999990105629,0.5564000010490417,-0.821399986743927,-0.4009000062942505,0.9352999925613403,0.48980000615119934,-0.2637999951839447,0.2160000056028366,0.5685999989509583,-0.7486000061035156,-0.4147999882698059,0.9326000213623047,0.5080999732017517,-0.2637999951839447,0.2160000056028366,0.5685999989509583,-0.7486000061035156,-0.41589999198913574,0.9319000244140625,0.42719998955726624,0.3237999975681305,0.013899999670684338,-0.18129999935626984,-0.9284999966621399,-0.4196999967098236,0.9702000021934509,0.4668999910354614,0.13979999721050262,-0.030899999663233757,-0.13680000603199005,-0.9801999926567078,-0.4189999997615814,0.9803000092506409,0.5011000037193298,0.10029999911785126,-0.03370000049471855,-0.16189999878406525,-0.9811000227928162,-0.41819998621940613,0.9850000143051147,0.5235000252723694,0.11420000344514847,-0.006399999838322401,-0.181099995970726,-0.9768000245094299,-0.41940000653266907,0.9905999898910522,0.5437999963760376,0.11420000344514847,-0.006399999838322401,-0.181099995970726,-0.9768000245094299,-0.4309000074863434,0.9277999997138977,0.4250999987125397,0.3237999975681305,0.013899999670684338,-0.18129999935626984,-0.9284999966621399,-0.44040000438690186,0.9661999940872192,0.4657999873161316,-0.22509999573230743,-0.04839999973773956,-0.210999995470047,-0.949999988079071,-0.4327999949455261,0.9496999979019165,0.5019000172615051,-0.8345999717712402,-0.18619999289512634,-0.12639999389648438,-0.5026999711990356,-0.42250001430511475,0.9291999936103821,0.48989999294281006,-0.9836999773979187,-0.16120000183582306,-0.0714000016450882,0.0340999998152256,-0.41940000653266907,0.9301999807357788,0.4666000008583069,-0.9836999773979187,-0.16120000183582306,-0.0714000016450882,0.0340999998152256,-0.4458000063896179,0.9241999983787537,0.42399999499320984,0.3237999975681305,0.013899999670684338,-0.18129999935626984,-0.9284999966621399,-0.45509999990463257,0.9532999992370605,0.46459999680519104,-0.32249999046325684,-0.08349999785423279,-0.25699999928474426,-0.9071999788284302,-0.44339999556541443,0.9333999752998352,0.49309998750686646,-0.8578000068664551,-0.243599995970726,-0.1720999926328659,-0.41850000619888306,-0.4309000074863434,0.9175999760627747,0.47839999198913574,-0.9498999714851379,-0.2840000092983246,-0.0494999997317791,0.12039999663829803,-0.42969998717308044,0.9221000075340271,0.45590001344680786,-0.9498999714851379,-0.2840000092983246,-0.0494999997317791,0.12039999663829803,-0.45170000195503235,0.9189000129699707,0.4260999858379364,0.27390000224113464,0.07339999824762344,-0.41350001096725464,-0.8651999831199646,-0.4668000042438507,0.9366000294685364,0.46219998598098755,-0.32749998569488525,-0.14000000059604645,-0.3370000123977661,-0.8715000152587891,-0.45339998602867126,0.9229000210762024,0.4837000072002411,-0.838699996471405,-0.2955000102519989,-0.2295999974012375,-0.39559999108314514,-0.4415999948978424,0.9128000140190125,0.4726000130176544,-0.9093000292778015,-0.390500009059906,-0.06939999759197235,0.12600000202655792,-0.4399999976158142,0.9179999828338623,0.4526999890804291,-0.9093000292778015,-0.390500009059906,-0.06939999759197235,0.12600000202655792,-0.07400000095367432,0.9962999820709229,0.2840999960899353,0.4878999888896942,0.3582000136375427,0.2653000056743622,-0.7505000233650208,-0.093299999833107,1.045199990272522,0.30160000920295715,0.4878999888896942,0.3582000136375427,0.2653000056743622,-0.7505000233650208,-0.1088000014424324,1.0187000036239624,0.290800005197525,0.45350000262260437,0.1777999997138977,-0.6597999930381775,-0.5722000002861023,-0.1306000053882599,1.0263999700546265,0.3050000071525574,0.4318999946117401,0.12600000202655792,-0.59170001745224,-0.6689000129699707,-0.14980000257492065,1.038599967956543,0.32179999351501465,0.49079999327659607,0.22190000116825104,-0.6507999897003174,-0.5350000262260437,-0.16820000112056732,1.0435999631881714,0.3294999897480011,0.49079999327659607,0.22190000116825104,-0.6507999897003174,-0.5350000262260437,-0.09910000115633011,1.0219999551773071,0.2892000079154968,0.4878999888896942,0.3582000136375427,0.2653000056743622,-0.7505000233650208,-0.1128000020980835,1.0688999891281128,0.29319998621940613,0.29510000348091125,0.39750000834465027,0.1348000019788742,-0.8583999872207642,-0.13189999759197235,1.0884000062942505,0.3093000054359436,0.05169999971985817,0.4262000024318695,0.04969999939203262,-0.9017999768257141,-0.14740000665187836,1.0910999774932861,0.3222000002861023,-0.03500000014901161,0.4074999988079071,0.028999999165534973,-0.9121000170707703,-0.16110000014305115,1.0911999940872192,0.33480000495910645,-0.03500000014901161,0.4074999988079071,0.028999999165534973,-0.9121000170707703,-0.08789999783039093,1.0210000276565552,0.2976999878883362,0.4878999888896942,0.3582000136375427,0.2653000056743622,-0.7505000233650208,-0.09870000183582306,1.0693000555038452,0.30550000071525574,0.27140000462532043,0.4058000147342682,0.18310000002384186,-0.8532999753952026,-0.11999999731779099,1.0911999940872192,0.32420000433921814,-0.024000000208616257,0.44620001316070557,0.053199999034404755,-0.8930000066757202,-0.13840000331401825,1.0913000106811523,0.33809998631477356,-0.16120000183582306,0.45170000195503235,0.04619999974966049,-0.8762999773025513,-0.1551000028848648,1.0871000289916992,0.3497999906539917,-0.16120000183582306,0.45170000195503235,0.04619999974966049,-0.8762999773025513,-0.07829999923706055,1.0205999612808228,0.3046000003814697,0.4878999888896942,0.3582000136375427,0.2653000056743622,-0.7505000233650208,-0.08990000188350677,1.061900019645691,0.31850001215934753,0.24130000174045563,0.412200003862381,0.2298000007867813,-0.8479999899864197,-0.10909999907016754,1.0814000368118286,0.3361999988555908,-0.04320000112056732,0.4779999852180481,0.125,-0.8683000206947327,-0.12770000100135803,1.0823999643325806,0.3481999933719635,-0.19169999659061432,0.517300009727478,0.0544000007212162,-0.8323000073432922,-0.14569999277591705,1.0781999826431274,0.35679998993873596,-0.19169999659061432,0.517300009727478,0.0544000007212162,-0.8323000073432922,-0.07620000094175339,1.0185999870300293,0.31130000948905945,0.3472000062465668,0.3472999930381775,0.4742000102996826,-0.7307999730110168,-0.08299999684095383,1.0505000352859497,0.3310000002384186,0.19750000536441803,0.46459999680519104,0.2728999853134155,-0.8190000057220459,-0.0997999981045723,1.0652999877929688,0.34360000491142273,-0.053599998354911804,0.5038999915122986,0.2004999965429306,-0.8385000228881836,-0.1145000010728836,1.067199945449829,0.35190001130104065,-0.14329999685287476,0.5645999908447266,0.14000000059604645,-0.8007000088691711,-0.13179999589920044,1.0670000314712524,0.3580000102519989,-0.14329999685287476,0.5645999908447266,0.14000000059604645,-0.8007000088691711
1771636679.616955,347,2808,3072.0,3072.0,3072.0,3072.0,3072.0,3072.0,3072.0,3072.0,2599.0,2978.0,2870.0,2418.0,2446.0,2583.0,2540.0,2590.0,3072.0,3072.0,3072.0,3072.0,3072.0,3072.0,3072.0,3072.0,2503.0,2908.0,2547.0,2772.0,2641.0,2643.0,2703.0,2641.0,3049.0,3072.0,3072.0,3072.0,3072.0,3072.0,3072.0,3072.0,2653.0,3072.0,2475.0,2706.0,2695.0,2706.0,2641.0,2641.0,3053.0,3072.0,2182.0,3072.0,3072.0,2194.0,3072.0,3072.0,3047.0,3041.0,2889.0,2779.0,2641.0,2706.0,2641.0,2641.0,3047.0,3072.0,2523.0,3072.0,3072.0,2373.0,3072.0,3072.0,2434.0,3072.0,3072.0,2470.0,2492.0,2583.0,2590.0,2641.0,3064.0,3065.0,3072.0,2867.0,3033.0,2118.0,2913.0,2957.0,2887.0,3072.0,3000.0,3064.0,2641.0,2633.0,2590.0,2590.0,3072.0,3072.0,3072.0,3072.0,3072.0,3072.0,3069.0,3072.0,2764.0,3072.0,3072.0,3065.0,2695.0,2706.0,2650.0,2641.0,3072.0,3072.0,3072.0,3072.0,3072.0,3072.0,3064.0,3052.0,2547.0,2990.0,2836.0,3066.0,2130.0,2211.0,2358.0,2492.0,3072.0,3072.0,3072.0,3070.0,3072.0,2828.0,3052.0,3048.0,3072.0,3072.0,3072.0,3066.0,2695.0,2706.0,2703.0,2641.0,2736.0,3006.0,3033.0,3072.0,3072.0,2827.0,3072.0,2910.0,3072.0,3072.0,3072.0,3066.0,2641.0,2706.0,2821.0,2695.0,3072.0,3072.0,3072.0,3072.0,3072.0,3072.0,3072.0,3072.0,3072.0,3072.0,3037.0,2571.0,2590.0,2706.0,2703.0,2641.0,3072.0,3072.0,3072.0,3072.0,3072.0,3072.0,3072.0,2764.0,3072.0,3072.0,3072.0,2373.0,2540.0,2643.0,2590.0,2641.0,2999.0,2650.0,2526.0,2527.0,3072.0,3072.0,3072.0,3072.0,3072.0,3072.0,3072.0,3072.0,3072.0,3072.0,3072.0,3002.0,3072.0,3072.0,3072.0,3072.0,3072.0,3072.0,3072.0,3072.0,3072.0,3072.0,3072.0,3072.0,3072.0,2920.0,3072.0,3072.0,3072.0,3072.0,3072.0,3072.0,3072.0,3072.0,3072.0,3072.0,3072.0,3072.0,3072.0,3072.0,3072.0,3072.0,3072.0,2741.0,3072.0,3072.0,3072.0,3072.0,3072.0,3072.0,3072.0,3072.0,3072.0,3072.0,3072.0,3072.0,3072.0,2864.0,2429.0,2392.0,-0.42739999294281006,0.9071999788284302,0.36399999260902405,0.40630000829696655,-0.008799999952316284,-0.2563999891281128,-0.8769999742507935,-0.4357999861240387,0.9491000175476074,0.4090999960899353,0.40630000829696655,-0.008799999952316284,-0.2563999891281128,-0.8769999742507935,-0.4043000042438507,0.9315000176429749,0.3971000015735626,0.30390000343322754,-0.05000000074505806,0.5727999806404114,-0.7595999836921692,-0.3912999927997589,0.9438999891281128,0.4219000041484833,0.052000001072883606,0.14810000360012054,0.482699990272522,-0.8615999817848206,-0.3977999985218048,0.9513000249862671,0.45210000872612,-0.1881999969482422,0.23080000281333923,0.4966999888420105,-0.8152999877929688,-0.41040000319480896,0.9505000114440918,0.4715999960899353,-0.1881999969482422,0.23080000281333923,0.4966999888420105,-0.8152999877929688,-0.414900004863739,0.9334999918937683,0.39259999990463257,0.40630000829696655,-0.008799999952316284,-0.2563999891281128,-0.8769999742507935,-0.42250001430511475,0.9781000018119812,0.4244999885559082,0.2298000007867813,-0.062300000339746475,-0.2069000005722046,-0.9488999843597412,-0.42160001397132874,0.9945999979972839,0.4562000036239624,0.18770000338554382,-0.07090000063180923,-0.23019999265670776,-0.9521999955177307,-0.4205000102519989,1.003600001335144,0.4772000014781952,0.19900000095367432,-0.04430000111460686,-0.25200000405311584,-0.9459999799728394,-0.42160001397132874,1.0125999450683594,0.49619999527931213,0.19900000095367432,-0.04430000111460686,-0.25200000405311584,-0.9459999799728394,-0.4291999936103821,0.9269999861717224,0.39239999651908875,0.40630000829696655,-0.008799999952316284,-0.2563999891281128,-0.8769999742507935,-0.4422999918460846,0.9711999893188477,0.42570000886917114,-0.13369999825954437,-0.11339999735355377,-0.26460000872612,-0.9483000040054321,-0.4307999908924103,0.9634000062942505,0.4636000096797943,-0.7720999717712402,-0.27160000801086426,-0.1160999983549118,-0.5626999735832214,-0.41819998621940613,0.9424999952316284,0.454800009727478,-0.9706000089645386,-0.2345999926328659,-0.021400000900030136,-0.04859999939799309,-0.4163999855518341,0.9394000172615051,0.43149998784065247,-0.9706000089645386,-0.2345999926328659,-0.021400000900030136,-0.04859999939799309,-0.44339999556541443,0.9214000105857849,0.39309999346733093,0.40630000829696655,-0.008799999952316284,-0.2563999891281128,-0.8769999742507935,-0.45500001311302185,0.9564999938011169,0.42800000309944153,-0.2329999953508377,-0.15839999914169312,-0.30070000886917114,-0.9111999869346619,-0.439300000667572,0.9444000124931335,0.45890000462532043,-0.7986000180244446,-0.33160001039505005,-0.14990000426769257,-0.47940000891685486,-0.4253000020980835,0.9276999831199646,0.4465000033378601,-0.9358999729156494,-0.3497999906539917,0.01590000092983246,0.03799999877810478,-0.42579999566078186,0.9277999997138977,0.4235000014305115,-0.9358999729156494,-0.3497999906539917,0.01590000092983246,0.03799999877810478,-0.44839999079704285,0.9157999753952026,0.39660000801086426,0.3395000100135803,0.025699999183416367,-0.48669999837875366,-0.8044999837875366,-0.4643999934196472,0.9383000135421753,0.42969998717308044,-0.24050000309944153,-0.22280000150203705,-0.37049999833106995,-0.8690999746322632,-0.4480000138282776,0.930899977684021,0.45239999890327454,-0.7799000144004822,-0.3865000009536743,-0.19939999282360077,-0.45010000467300415,-0.43540000915527344,0.9204000234603882,0.4424999952316284,-0.8898000121116638,-0.45329999923706055,0.006899999920278788,0.051600001752376556,-0.43560001254081726,0.9217000007629395,0.4219000041484833,-0.8898000121116638,-0.45329999923706055,0.006899999920278788,0.051600001752376556,-0.07320000231266022,0.9973000288009644,0.2851000130176544,0.4918000102043152,0.3578999936580658,0.26330000162124634,-0.7487999796867371,-0.0925000011920929,1.0463000535964966,0.30219998955726624,0.4918000102043152,0.3578999936580658,0.26330000162124634,-0.7487999796867371,-0.1080000028014183,1.0197999477386475,0.29170000553131104,0.454800009727478,0.17440000176429749,-0.661300003528595,-0.5705000162124634,-0.1298000067472458,1.0276999473571777,0.3059000074863434,0.4343999922275543,0.1234000027179718,-0.5928000211715698,-0.6668000221252441,-0.14890000224113464,1.0398999452590942,0.32269999384880066,0.49300000071525574,0.21950000524520874,-0.6521999835968018,-0.5324000120162964,-0.1673000007867813,1.0449999570846558,0.3303000032901764,0.49300000071525574,0.21950000524520874,-0.6521999835968018,-0.5324000120162964,-0.09839999675750732,1.0231000185012817,0.29010000824928284,0.4918000102043152,0.3578999936580658,0.26330000162124634,-0.7487999796867371,-0.11190000176429749,1.0700000524520874,0.2937000095844269,0.29760000109672546,0.39649999141693115,0.13249999284744263,-0.858299970626831,-0.13099999725818634,1.0894999504089355,0.30979999899864197,0.051899999380111694,0.42480000853538513,0.04659999907016754,-0.9025999903678894,-0.14650000631809235,1.0923000574111938,0.32269999384880066,-0.035599999129772186,0.4059000015258789,0.025699999183416367,-0.9128999710083008,-0.16009999811649323,1.0923000574111938,0.3353999853134155,-0.035599999129772186,0.4059000015258789,0.025699999183416367,-0.9128999710083008,-0.08709999918937683,1.0221999883651733,0.2985000014305115,0.4918000102043152,0.3578999936580658,0.26330000162124634,-0.7487999796867371,-0.09780000150203705,1.0705000162124634,0.3059000074863434,0.2741999924182892,0.4050999879837036,0.18080000579357147,-0.8532000184059143,-0.11909999698400497,1.0924999713897705,0.3246000111103058,-0.023000000044703484,0.4449000060558319,0.05040000006556511,-0.8938000202178955,-0.13740000128746033,1.0925999879837036,0.3384999930858612,-0.16060000658035278,0.45019999146461487,0.04340000078082085,-0.8773000240325928,-0.15410000085830688,1.0884000062942505,0.35030001401901245,-0.16060000658035278,0.45019999146461487,0.04340000078082085,-0.8773000240325928,-0.07750000059604645,1.0218000411987305,0.305400013923645,0.4918000102043152,0.3578999936580658,0.26330000162124634,-0.7487999796867371,-0.08900000154972076,1.0631999969482422,0.3190000057220459,0.241799995303154,0.4124000072479248,0.2264000028371811,-0.8486999869346619,-0.10819999873638153,1.0825999975204468,0.3366999924182892,-0.04430000111460686,0.477400004863739,0.12099999934434891,-0.8691999912261963,-0.12690000236034393,1.0835000276565552,0.34869998693466187,-0.19349999725818634,0.515999972820282,0.05040000006556511,-0.8328999876976013,-0.14480000734329224,1.079200029373169,0.3573000133037567,-0.19349999725818634,0.515999972820282,0.05040000006556511,-0.8328999876976013,-0.07540000230073929,1.0198999643325806,0.31209999322891235,0.3513000011444092,0.3479999899864197,0.4724000096321106,-0.7296000123023987,-0.08209999650716782,1.0520000457763672,0.33160001039505005,0.19869999587535858,0.4650000035762787,0.26969999074935913,-0.8195000290870667,-0.09889999777078629,1.0667999982833862,0.3440999984741211,-0.05350000038743019,0.5037000179290771,0.19679999351501465,-0.8393999934196472,-0.1136000007390976,1.068600058555603,0.352400004863739,-0.1436000019311905,0.5641000270843506,0.1362999975681305,-0.8015999794006348,-0.13089999556541443,1.0681999921798706,0.35850000381469727,-0.1436000019311905,0.5641000270843506,0.1362999975681305,-0.8015999794006348
1771636679.659476,389,2803,3072.0,3072.0,3072.0,3072.0,3072.0,3072.0,3072.0,3072.0,2599.0,2960.0,2911.0,2353.0,2446.0,2583.0,2540.0,2590.0,3072.0,3072.0,3072.0,3072.0,3072.0,3072.0,3072.0,3072.0,2446.0,2848.0,2663.0,2772.0,2641.0,2643.0,2641.0,2641.0,3049.0,3072.0,3072.0,3072.0,3072.0,3072.0,3072.0,3072.0,2653.0,3038.0,2403.0,2706.0,2695.0,2633.0,2641.0,2641.0,3044.0,3072.0,2182.0,3072.0,3072.0,3072.0,3072.0,3072.0,3009.0,3042.0,2857.0,2779.0,2580.0,2706.0,2641.0,2641.0,3039.0,3072.0,2852.0,3072.0,3072.0,2932.0,3072.0,3072.0,2318.0,3072.0,3072.0,2470.0,2434.0,2513.0,2590.0,2580.0,3064.0,3065.0,3072.0,2841.0,3046.0,2648.0,2912.0,2942.0,2872.0,3072.0,2984.0,3064.0,2641.0,2706.0,2590.0,2590.0,3072.0,3072.0,3072.0,3072.0,3072.0,3072.0,3069.0,3072.0,2641.0,3070.0,3068.0,3062.0,2570.0,2779.0,2590.0,2641.0,3072.0,3072.0,3072.0,3072.0,3072.0,3072.0,3065.0,3049.0,2472.0,2912.0,2842.0,3066.0,2130.0,2273.0,2358.0,2492.0,3072.0,3072.0,3072.0,3072.0,3072.0,3041.0,3057.0,3050.0,3072.0,3072.0,3072.0,3066.0,2695.0,2706.0,2703.0,2641.0,2680.0,3016.0,3029.0,3072.0,3072.0,3005.0,3072.0,2910.0,3072.0,3072.0,3072.0,3066.0,2641.0,2706.0,2695.0,2695.0,3072.0,3072.0,3072.0,3072.0,3072.0,3072.0,3072.0,3072.0,3072.0,3072.0,3041.0,2571.0,2590.0,2706.0,2641.0,2641.0,3072.0,3072.0,3072.0,3072.0,3072.0,3072.0,3072.0,2792.0,3072.0,3072.0,3072.0,2373.0,2481.0,2571.0,2590.0,2641.0,3038.0,2724.0,2536.0,2662.0,3072.0,3072.0,3072.0,3072.0,3072.0,3072.0,3072.0,3072.0,3072.0,3008.0,3072.0,2976.0,3072.0,3072.0,3072.0,3072.0,3072.0,3072.0,3072.0,3072.0,3072.0,3072.0,3072.0,3072.0,3072.0,2797.0,3072.0,3072.0,3072.0,3072.0,3072.0,3072.0,3072.0,3072.0,3072.0,3072.0,3072.0,3072.0,3072.0,3072.0,3072.0,3072.0,3072.0,2798.0,3072.0,3072.0,3072.0,3072.0,3072.0,3072.0,3072.0,3072.0,3072.0,3072.0,3072.0,3072.0,3072.0,3017.0,2407.0,2231.0,-0.43070000410079956,0.9004999995231628,0.34150001406669617,0.4512999951839447,-0.03009999915957451,-0.322299987077713,-0.83160001039505,-0.4415000081062317,0.9466000199317932,0.3817000091075897,0.4512999951839447,-0.03009999915957451,-0.322299987077713,-0.83160001039505,-0.40880000591278076,0.9315000176429749,0.3695000112056732,0.3734999895095825,-0.020999999716877937,0.5160999894142151,-0.7705000042915344,-0.3959999978542328,0.9484000205993652,0.39160001277923584,0.11209999769926071,0.15219999849796295,0.41620001196861267,-0.8894000053405762,-0.4016999900341034,0.9588000178337097,0.4212000072002411,-0.13529999554157257,0.2223999947309494,0.43549999594688416,-0.8616999983787537,-0.4129999876022339,0.9589999914169312,0.4413999915122986,-0.13529999554157257,0.2223999947309494,0.43549999594688416,-0.8616999983787537,-0.4198000133037567,0.9315999746322632,0.36570000648498535,0.4512999951839447,-0.03009999915957451,-0.322299987077713,-0.83160001039505,-0.4311000108718872,0.9787999987602234,0.39239999651908875,0.27869999408721924,-0.09239999949932098,-0.26919999718666077,-0.9172000288963318,-0.430400013923645,0.9987999796867371,0.421999990940094,0.23309999704360962,-0.10610000044107437,-0.29019999504089355,-0.921999990940094,-0.42899999022483826,1.01010000705719,0.44190001487731934,0.24130000174045563,-0.07999999821186066,-0.3133000135421753,-0.9150000214576721,-0.42989999055862427,1.0210000276565552,0.46000000834465027,0.24130000174045563,-0.07999999821186066,-0.3133000135421753,-0.9150000214576721,-0.43320000171661377,0.9235000014305115,0.36739999055862427,0.4512999951839447,-0.03009999915957451,-0.322299987077713,-0.83160001039505,-0.4498000144958496,0.9697999954223633,0.3959999978542328,-0.07729999721050262,-0.17059999704360962,-0.3095000088214874,-0.9322999715805054,-0.4350000023841858,0.9682000279426575,0.4336000084877014,-0.7250999808311462,-0.3449000120162964,-0.10409999638795853,-0.5867999792098999,-0.4205999970436096,0.9480000138282776,0.4260999858379364,-0.9506000280380249,-0.2948000133037567,0.026499999687075615,-0.09319999814033508,-0.42010000348091125,0.9423999786376953,0.4032000005245209,-0.9506000280380249,-0.2948000133037567,0.026499999687075615,-0.09319999814033508,-0.4465999901294708,0.9162999987602234,0.36980000138282776,0.4512999951839447,-0.03009999915957451,-0.322299987077713,-0.83160001039505,-0.4603999853134155,0.9541000127792358,0.4009999930858612,-0.1762000024318695,-0.2222999930381775,-0.336899995803833,-0.8978000283241272,-0.4413999915122986,0.9480000138282776,0.4318000078201294,-0.7508000135421753,-0.4049000144004822,-0.12970000505447388,-0.5055000185966492,-0.4262000024318695,0.9315999746322632,0.4203999936580658,-0.9122999906539917,-0.40290001034736633,0.07249999791383743,-0.00930000003427267,-0.42809998989105225,0.9286999702453613,0.3977000117301941,-0.9122999906539917,-0.40290001034736633,0.07249999791383743,-0.00930000003427267,-0.4505999982357025,0.9107000231742859,0.37439998984336853,0.3702000081539154,-0.011699999682605267,-0.546999990940094,-0.7508000135421753,-0.46720001101493835,0.9351999759674072,0.40560001134872437,-0.18549999594688416,-0.2906999886035919,-0.3986999988555908,-0.8497999906539917,-0.4487000107765198,0.9327999949455261,0.4275999963283539,-0.7328000068664551,-0.4603999853134155,-0.17329999804496765,-0.4702000021934509,-0.43549999594688416,0.9226999878883362,0.4180999994277954,-0.8615999817848206,-0.5026000142097473,0.06989999860525131,0.011699999682605267,-0.43709999322891235,0.9212999939918518,0.39750000834465027,-0.8615999817848206,-0.5026000142097473,0.06989999860525131,0.011699999682605267,-0.0723000019788742,0.9986000061035156,0.2863999903202057,0.498199999332428,0.35760000348091125,0.26190000772476196,-0.745199978351593,-0.09120000153779984,1.0478999614715576,0.3028999865055084,0.498199999332428,0.35760000348091125,0.26190000772476196,-0.745199978351593,-0.10689999908208847,1.021299958229065,0.29269999265670776,0.45840001106262207,0.16930000483989716,-0.661899983882904,-0.5684000253677368,-0.12860000133514404,1.0293999910354614,0.3068999946117401,0.43860000371932983,0.11869999766349792,-0.5929999947547913,-0.6647999882698059,-0.1477999985218048,1.0419000387191772,0.32350000739097595,0.49720001220703125,0.21539999544620514,-0.652899980545044,-0.52920001745224,-0.16619999706745148,1.0470999479293823,0.3310000002384186,0.49720001220703125,0.21539999544620514,-0.652899980545044,-0.52920001745224,-0.09730000048875809,1.0246000289916992,0.29109999537467957,0.498199999332428,0.35760000348091125,0.26190000772476196,-0.745199978351593,-0.11060000211000443,1.0715999603271484,0.29409998655319214,0.3025999963283539,0.3953999876976013,0.13079999387264252,-0.8572999835014343,-0.12960000336170197,1.0913000106811523,0.3100000023841858,0.054499998688697815,0.4237000048160553,0.04410000145435333,-0.9031000137329102,-0.14499999582767487,1.094099998474121,0.3228999972343445,-0.03359999880194664,0.40459999442100525,0.023000000044703484,-0.9136000275611877,-0.15870000422000885,1.094099998474121,0.33570000529289246,-0.03359999880194664,0.40459999442100525,0.023000000044703484,-0.9136000275611877,-0.0860000029206276,1.0236999988555908,0.2994999885559082,0.498199999332428,0.35760000348091125,0.26190000772476196,-0.745199978351593,-0.09650000184774399,1.0721999406814575,0.30630001425743103,0.2791999876499176,0.4047999978065491,0.17890000343322754,-0.8521000146865845,-0.11760000139474869,1.0944000482559204,0.3248000144958496,-0.01899999938905239,0.4442000091075897,0.04820000007748604,-0.8944000005722046,-0.13600000739097595,1.094599962234497,0.33869999647140503,-0.15680000185966492,0.44940000772476196,0.04129999876022339,-0.8784999847412109,-0.1526000052690506,1.090499997138977,0.350600004196167,-0.15680000185966492,0.44940000772476196,0.04129999876022339,-0.8784999847412109,-0.0763000026345253,1.023300051689148,0.30640000104904175,0.498199999332428,0.35760000348091125,0.26190000772476196,-0.745199978351593,-0.08760000020265579,1.065000057220459,0.31940001249313354,0.24289999902248383,0.41370001435279846,0.2223999947309494,-0.848800003528595,-0.10700000077486038,1.0844000577926636,0.3370000123977661,-0.044199999421834946,0.47760000824928284,0.11640000343322754,-0.869700014591217,-0.1256999969482422,1.0851999521255493,0.3490000069141388,-0.1940000057220459,0.5153999924659729,0.04569999873638153,-0.8335000276565552,-0.14350000023841858,1.0807000398635864,0.35760000348091125,-0.1940000057220459,0.5153999924659729,0.04569999873638153,-0.8335000276565552,-0.07419999688863754,1.0214999914169312,0.31310001015663147,0.3578999936580658,0.3495999872684479,0.47119998931884766,-0.7264000177383423,-0.08070000261068344,1.0539000034332275,0.33219999074935913,0.19990000128746033,0.46720001101493835,0.2651999890804291,-0.8194000124931335,-0.09769999980926514,1.0686999559402466,0.34459999203681946,-0.05249999836087227,0.504800021648407,0.19189999997615814,-0.8399999737739563,-0.11240000277757645,1.0705000162124634,0.35280001163482666,-0.1429000049829483,0.5645999908447266,0.13130000233650208,-0.8022000193595886,-0.12970000505447388,1.0700000524520874,0.3589000105857849,-0.1429000049829483,0.5645999908447266,0.13130000233650208,-0.8022000193595886
1771636679.701344,430,2792,3072.0,3072.0,3072.0,3072.0,3072.0,3072.0,3072.0,3072.0,2599.0,2997.0,2842.0,2418.0,2446.0,2583.0,2599.0,2590.0,3072.0,3072.0,3072.0,3072.0,3072.0,3072.0,3072.0,3072.0,2503.0,3008.0,2544.0,2697.0,2641.0,2571.0,2641.0,2641.0,3049.0,3072.0,3072.0,3072.0,3072.0,3072.0,3072.0,3072.0,2653.0,3049.0,2313.0,2706.0,2695.0,2706.0,2641.0,2641.0,3056.0,3072.0,2263.0,3072.0,3072.0,3072.0,3072.0,3072.0,3009.0,3042.0,2857.0,2779.0,2580.0,2706.0,2641.0,2641.0,3039.0,3072.0,2852.0,3072.0,3072.0,2932.0,3072.0,3072.0,2376.0,3072.0,3072.0,2470.0,2492.0,2583.0,2650.0,2641.0,3067.0,3072.0,3072.0,2899.0,3046.0,2436.0,2915.0,2937.0,2826.0,3072.0,3072.0,3063.0,2703.0,2633.0,2590.0,2590.0,3072.0,3072.0,3072.0,3072.0,3072.0,3072.0,3068.0,3072.0,2580.0,3070.0,3070.0,3062.0,2633.0,2706.0,2590.0,2641.0,3072.0,3072.0,3072.0,3072.0,3072.0,3072.0,3065.0,3049.0,1873.0,2963.0,2835.0,3065.0,2180.0,2273.0,2413.0,2492.0,3072.0,3072.0,3072.0,3072.0,3072.0,2980.0,3059.0,3053.0,3072.0,3072.0,3072.0,3066.0,2695.0,2706.0,2641.0,2641.0,2708.0,3002.0,3012.0,3072.0,3072.0,2993.0,3072.0,2924.0,3072.0,3072.0,3072.0,3066.0,2641.0,2633.0,2695.0,2695.0,3072.0,3072.0,3072.0,3072.0,3072.0,3072.0,3072.0,3072.0,3072.0,3072.0,3045.0,2571.0,2650.0,2706.0,2703.0,2641.0,3072.0,3072.0,3072.0,3072.0,3072.0,3072.0,3072.0,2793.0,3072.0,3072.0,3072.0,2373.0,2540.0,2571.0,2590.0,2641.0,3038.0,2652.0,2511.0,2642.0,3072.0,3072.0,3072.0,3072.0,3072.0,3072.0,3072.0,3072.0,3072.0,3072.0,3072.0,3002.0,3072.0,3072.0,3072.0,3072.0,3072.0,3072.0,3072.0,3072.0,3072.0,3072.0,3072.0,3072.0,3072.0,2808.0,3072.0,3072.0,3072.0,3072.0,3072.0,3072.0,3072.0,3072.0,3072.0,3072.0,3072.0,3072.0,3072.0,3072.0,3072.0,3072.0,3072.0,2821.0,3072.0,3072.0,3072.0,3072.0,3072.0,3072.0,3072.0,3072.0,3072.0,3072.0,3072.0,3072.0,3072.0,3072.0,2346.0,2246.0,-0.43630000948905945,0.8970000147819519,0.31769999861717224,0.4611000120639801,-0.041999999433755875,-0.3709000051021576,-0.8050000071525574,-0.4489000141620636,0.9440000057220459,0.3564000129699707,0.4611000120639801,-0.041999999433755875,-0.3709000051021576,-0.8050000071525574,-0.4156999886035919,0.9312000274658203,0.34290000796318054,0.4081000089645386,-0.015399999916553497,0.46970000863075256,-0.7825999855995178,-0.4032000005245209,0.9502999782562256,0.36340001225471497,0.1379999965429306,0.14030000567436218,0.3684000074863434,-0.9085999727249146,-0.4081000089645386,0.9616000056266785,0.3928000032901764,-0.11169999837875366,0.20029999315738678,0.39469999074935913,-0.8896999955177307,-0.41819998621940613,0.9617999792098999,0.41370001435279846,-0.11169999837875366,0.20029999315738678,0.39469999074935913,-0.8896999955177307,-0.4268999993801117,0.9301999807357788,0.33980000019073486,0.4611000120639801,-0.041999999433755875,-0.3709000051021576,-0.8050000071525574,-0.4408000111579895,0.977400004863739,0.365200012922287,0.2896000146865845,-0.11150000244379044,-0.31700000166893005,-0.8962000012397766,-0.44020000100135803,0.9984999895095825,0.39410001039505005,0.23589999973773956,-0.13079999387264252,-0.3353999853134155,-0.9025999903678894,-0.438400000333786,1.0103000402450562,0.41370001435279846,0.24169999361038208,-0.10450000315904617,-0.358599990606308,-0.8956000208854675,-0.4390000104904175,1.0214999914169312,0.43160000443458557,0.24169999361038208,-0.10450000315904617,-0.358599990606308,-0.8956000208854675,-0.43939998745918274,0.9210000038146973,0.3425999879837036,0.4611000120639801,-0.041999999433755875,-0.3709000051021576,-0.8050000071525574,-0.45840001106262207,0.9670000076293945,0.3702000081539154,-0.05849999934434891,-0.20819999277591705,-0.3440000116825104,-0.9136999845504761,-0.4413999915122986,0.968500018119812,0.40700000524520874,-0.7024999856948853,-0.39649999141693115,-0.09830000251531601,-0.5827999711036682,-0.42579999566078186,0.9492999911308289,0.39910000562667847,-0.9343000054359436,-0.3370000123977661,0.060100000351667404,-0.09989999979734421,-0.4262999892234802,0.9429000020027161,0.3763999938964844,-0.9343000054359436,-0.3370000123977661,0.060100000351667404,-0.09989999979734421,-0.45190000534057617,0.9128000140190125,0.34619998931884766,0.4611000120639801,-0.041999999433755875,-0.3709000051021576,-0.8050000071525574,-0.4672999978065491,0.9506999850273132,0.3765999972820282,-0.15610000491142273,-0.2639000117778778,-0.3653999865055084,-0.8788999915122986,-0.44600000977516174,0.947700023651123,0.4065000116825104,-0.7250999808311462,-0.4551999866962433,-0.11949999630451202,-0.5026999711990356,-0.4302000105381012,0.932200014591217,0.39480000734329224,-0.8909000158309937,-0.4406000077724457,0.10869999974966049,-0.01979999989271164,-0.43320000171661377,0.9280999898910522,0.3723999857902527,-0.8909000158309937,-0.4406000077724457,0.10869999974966049,-0.01979999989271164,-0.4551999866962433,0.9071000218391418,0.35120001435279846,0.3707999885082245,-0.029999999329447746,-0.5896000266075134,-0.7168999910354614,-0.47209998965263367,0.9315999746322632,0.3824000060558319,-0.16590000689029694,-0.3328999876976013,-0.4228000044822693,-0.8263999819755554,-0.45210000872612,0.9318000078201294,0.4032999873161316,-0.7064999938011169,-0.5095999836921692,-0.1607999950647354,-0.4641000032424927,-0.43869999051094055,0.9222999811172485,0.39340001344680786,-0.8364999890327454,-0.5374000072479248,0.10700000077486038,0.0038999998942017555,-0.4413999915122986,0.9197999835014343,0.37299999594688416,-0.8364999890327454,-0.5374000072479248,0.10700000077486038,0.0038999998942017555,-0.07109999656677246,1.0002000331878662,0.2874000072479248,0.5059000253677368,0.35760000348091125,0.26159998774528503,-0.7401000261306763,-0.08980000019073486,1.0500999689102173,0.30309998989105225,0.5059000253677368,0.35760000348091125,0.26159998774528503,-0.7401000261306763,-0.10580000281333923,1.0233999490737915,0.29319998621940613,0.4643000066280365,0.16380000114440918,-0.6610999703407288,-0.5662000179290771,-0.12759999930858612,1.0318000316619873,0.30730000138282776,0.4447000026702881,0.1136000007390976,-0.5916000008583069,-0.6628000140190125,-0.1467999964952469,1.044700026512146,0.3237000107765198,0.5045999884605408,0.21170000731945038,-0.6520000100135803,-0.5249000191688538,-0.16529999673366547,1.0501999855041504,0.3310000002384186,0.5045999884605408,0.21170000731945038,-0.6520000100135803,-0.5249000191688538,-0.09610000252723694,1.0264999866485596,0.29159998893737793,0.5059000253677368,0.35760000348091125,0.26159998774528503,-0.7401000261306763,-0.10909999907016754,1.0738999843597412,0.2939000129699707,0.3091000020503998,0.3944000005722046,0.1307000070810318,-0.8554999828338623,-0.12800000607967377,1.093999981880188,0.30970001220703125,0.06030000001192093,0.42289999127388,0.043699998408555984,-0.9031000137329102,-0.14339999854564667,1.097000002861023,0.32269999384880066,-0.02800000086426735,0.40380001068115234,0.02280000038444996,-0.9140999913215637,-0.15710000693798065,1.0972000360488892,0.33550000190734863,-0.02800000086426735,0.40380001068115234,0.02280000038444996,-0.9140999913215637,-0.08470000326633453,1.0256999731063843,0.30000001192092896,0.5059000253677368,0.35760000348091125,0.26159998774528503,-0.7401000261306763,-0.09489999711513519,1.0745999813079834,0.3061000108718872,0.28519999980926514,0.4050000011920929,0.17790000140666962,-0.8503000140190125,-0.11599999666213989,1.0972000360488892,0.32440000772476196,-0.012799999676644802,0.4440000057220459,0.0471000000834465,-0.8946999907493591,-0.13439999520778656,1.0976999998092651,0.3384000062942505,-0.15060000121593475,0.4494999945163727,0.040300000458955765,-0.8795999884605408,-0.15109999477863312,1.0937000513076782,0.3504999876022339,-0.15060000121593475,0.4494999945163727,0.040300000458955765,-0.8795999884605408,-0.07500000298023224,1.0254000425338745,0.3070000112056732,0.5059000253677368,0.35760000348091125,0.26159998774528503,-0.7401000261306763,-0.0860000029206276,1.0674999952316284,0.31940001249313354,0.2460000067949295,0.41530001163482666,0.21969999372959137,-0.8476999998092651,-0.10559999942779541,1.0872000455856323,0.336899995803833,-0.04089999943971634,0.47839999198913574,0.11330000311136246,-0.8697999715805054,-0.12430000305175781,1.0880000591278076,0.3488999903202057,-0.19089999794960022,0.5157999992370605,0.04230000078678131,-0.8341000080108643,-0.14229999482631683,1.0836000442504883,0.35760000348091125,-0.19089999794960022,0.5157999992370605,0.04230000078678131,-0.8341000080108643,-0.07289999723434448,1.0236999988555908,0.31380000710487366,0.3653999865055084,0.35179999470710754,0.4708999991416931,-0.7218000292778015,-0.07919999957084656,1.0565999746322632,0.33239999413490295,0.20149999856948853,0.47040000557899475,0.26089999079704285,-0.8184999823570251,-0.09629999846220016,1.0714000463485718,0.34470000863075256,-0.05050000175833702,0.5069000124931335,0.18700000643730164,-0.839900016784668,-0.1111999973654747,1.073199987411499,0.3528999984264374,-0.14079999923706055,0.5659999847412109,0.12639999389648438,-0.8023999929428101,-0.12860000133514404,1.072700023651123,0.3589000105857849,-0.14079999923706055,0.5659999847412109,0.12639999389648438,-0.8023999929428101
1771636679.745065,471,2681,3072.0,3072.0,3072.0,3072.0,3072.0,3072.0,3072.0,3072.0,2599.0,2930.0,2872.0,2353.0,2446.0,2583.0,2540.0,2590.0,3072.0,3072.0,3072.0,3072.0,3072.0,3072.0,3072.0,3072.0,2446.0,2981.0,2541.0,2772.0,2641.0,2643.0,2641.0,2641.0,3038.0,3072.0,3072.0,3072.0,3072.0,3072.0,3072.0,3072.0,2653.0,2891.0,1871.0,2706.0,2758.0,2706.0,2641.0,2641.0,3051.0,3072.0,2182.0,3072.0,3072.0,3072.0,3072.0,3072.0,3047.0,3047.0,2967.0,2706.0,2641.0,2706.0,2641.0,2641.0,3049.0,3072.0,2742.0,3072.0,3072.0,3072.0,3072.0,3072.0,2434.0,3072.0,3072.0,2537.0,2492.0,2583.0,2590.0,2641.0,3069.0,3072.0,3072.0,2897.0,3041.0,2860.0,2928.0,2970.0,2903.0,3072.0,3072.0,3064.0,2641.0,2706.0,2590.0,2590.0,3072.0,3072.0,3072.0,3072.0,3072.0,3072.0,3070.0,3072.0,2641.0,3070.0,3069.0,3065.0,2695.0,2706.0,2590.0,2641.0,3072.0,3072.0,3072.0,3072.0,3072.0,3072.0,3062.0,3045.0,2547.0,2955.0,2879.0,3066.0,2130.0,2273.0,2413.0,2550.0,3072.0,3072.0,3072.0,3072.0,3072.0,3041.0,3055.0,3051.0,3072.0,3072.0,3072.0,3068.0,2695.0,2706.0,2641.0,2641.0,2706.0,2999.0,2976.0,3072.0,3072.0,3064.0,3072.0,2892.0,3072.0,3072.0,3072.0,3066.0,2641.0,2706.0,2695.0,2695.0,3072.0,3072.0,3072.0,3072.0,3072.0,3072.0,3072.0,3072.0,3072.0,3072.0,3065.0,2571.0,2590.0,2706.0,2641.0,2641.0,3072.0,3072.0,3072.0,3072.0,3072.0,3072.0,3072.0,2766.0,3072.0,3072.0,3072.0,2443.0,2540.0,2571.0,2590.0,2641.0,2966.0,2697.0,2524.0,2789.0,3072.0,3072.0,3072.0,3072.0,3072.0,3072.0,3072.0,3072.0,3072.0,3072.0,3072.0,3014.0,3072.0,3072.0,3072.0,3072.0,3072.0,3072.0,3072.0,3072.0,3072.0,3072.0,3072.0,3072.0,3072.0,2885.0,3072.0,3050.0,3072.0,3072.0,3072.0,3072.0,3072.0,3072.0,3072.0,3072.0,3072.0,3072.0,3072.0,3072.0,3072.0,3072.0,3072.0,2881.0,3072.0,3072.0,3072.0,3072.0,3072.0,3072.0,3072.0,3072.0,3072.0,3072.0,3072.0,3072.0,3072.0,3072.0,2295.0,1929.0,-0.43779999017715454,0.8952999711036682,0.28439998626708984,0.4632999897003174,-0.026100000366568565,-0.39100000262260437,-0.7949000000953674,-0.45320001244544983,0.9416000247001648,0.323199987411499,0.4632999897003174,-0.026100000366568565,-0.39100000262260437,-0.7949000000953674,-0.41920000314712524,0.9304999709129333,0.3098999857902527,0.4074999988079071,0.001500000013038516,0.448199987411499,-0.7955999970436096,-0.40799999237060547,0.9505000114440918,0.3305000066757202,0.13609999418258667,0.1485999971628189,0.3416999876499176,-0.917900025844574,-0.4138000011444092,0.9617000222206116,0.3598000109195709,-0.11469999700784683,0.20100000500679016,0.367900013923645,-0.900600016117096,-0.42399999499320984,0.9614999890327454,0.3806999921798706,-0.11469999700784683,0.20100000500679016,0.367900013923645,-0.900600016117096,-0.4302999973297119,0.9289000034332275,0.3066999912261963,0.4632999897003174,-0.026100000366568565,-0.39100000262260437,-0.7949000000953674,-0.44699999690055847,0.9753999710083008,0.3321000039577484,0.296099990606308,-0.09910000115633011,-0.34060001373291016,-0.886900007724762,-0.4478999972343445,0.9966999888420105,0.36090001463890076,0.22470000386238098,-0.12729999423027039,-0.35679998993873596,-0.8978000283241272,-0.4462999999523163,1.0080000162124634,0.3808000087738037,0.22920000553131104,-0.10080000013113022,-0.37950000166893005,-0.8906999826431274,-0.4471000134944916,1.0187000036239624,0.39910000562667847,0.22920000553131104,-0.10080000013113022,-0.37950000166893005,-0.8906999826431274,-0.4422999918460846,0.9190999865531921,0.3095000088214874,0.4632999897003174,-0.026100000366568565,-0.39100000262260437,-0.7949000000953674,-0.4641000032424927,0.9641000032424927,0.3370000123977661,-0.04969999939203262,-0.20499999821186066,-0.3700000047683716,-0.9047999978065491,-0.44749999046325684,0.9666000008583069,0.37389999628067017,-0.6923999786376953,-0.41370001435279846,-0.11659999936819077,-0.5795000195503235,-0.4309000074863434,0.948199987411499,0.366100013256073,-0.9254000186920166,-0.36169999837875366,0.054999999701976776,-0.09880000352859497,-0.4309999942779541,0.9419999718666077,0.3433000147342682,-0.9254000186920166,-0.36169999837875366,0.054999999701976776,-0.09880000352859497,-0.4544000029563904,0.9101999998092651,0.31290000677108765,0.4632999897003174,-0.026100000366568565,-0.39100000262260437,-0.7949000000953674,-0.47209998965263367,0.9472000002861023,0.3433000147342682,-0.14579999446868896,-0.2639000117778778,-0.3903000056743622,-0.8698999881744385,-0.45100000500679016,0.9455000162124634,0.3734000027179718,-0.7117999792098999,-0.47290000319480896,-0.13600000739097595,-0.5012000203132629,-0.4341999888420105,0.9308000206947327,0.3617999851703644,-0.8788999915122986,-0.46480000019073486,0.10440000146627426,-0.025100000202655792,-0.4368000030517578,0.9265000224113464,0.3393000066280365,-0.8788999915122986,-0.46480000019073486,0.10440000146627426,-0.025100000202655792,-0.45739999413490295,0.9042999744415283,0.31790000200271606,0.3736000061035156,-0.01679999940097332,-0.6075999736785889,-0.7006000280380249,-0.47600001096725464,0.9277999997138977,0.3490000069141388,-0.15369999408721924,-0.33329999446868896,-0.4462999999523163,-0.816100001335144,-0.4562000036239624,0.9291999936103821,0.3702000081539154,-0.6909999847412109,-0.5267999768257141,-0.1768999993801117,-0.46219998598098755,-0.4422000050544739,0.9204999804496765,0.36039999127388,-0.8216000199317932,-0.5609999895095825,0.1006999984383583,-0.00570000009611249,-0.44429999589920044,0.9176999926567078,0.3400000035762787,-0.8216000199317932,-0.5609999895095825,0.1006999984383583,-0.00570000009611249,-0.07029999792575836,1.0011999607086182,0.28790000081062317,0.512499988079071,0.35589998960494995,0.25999999046325684,-0.7368999719619751,-0.08869999647140503,1.0515999794006348,0.30300000309944153,0.512499988079071,0.35589998960494995,0.25999999046325684,-0.7368999719619751,-0.10499999672174454,1.0247999429702759,0.29350000619888306,0.4690999984741211,0.15919999778270721,-0.6606000065803528,-0.5641000270843506,-0.12690000236034393,1.0334999561309814,0.3073999881744385,0.44920000433921814,0.10890000313520432,-0.5909000039100647,-0.6611999869346619,-0.1460999995470047,1.0467000007629395,0.3237000107765198,0.5109999775886536,0.2093999981880188,-0.6514000296592712,-0.5202999711036682,-0.1647000014781952,1.052299976348877,0.33079999685287476,0.5109999775886536,0.2093999981880188,-0.6514000296592712,-0.5202999711036682,-0.09520000219345093,1.0277999639511108,0.29179999232292175,0.512499988079071,0.35589998960494995,0.25999999046325684,-0.7368999719619751,-0.10790000110864639,1.0755000114440918,0.2935999929904938,0.3122999966144562,0.3910999894142151,0.1298999935388565,-0.8560000061988831,-0.1266999989748001,1.0958000421524048,0.30959999561309814,0.06369999796152115,0.4194999933242798,0.04399999976158142,-0.9045000076293945,-0.1421000063419342,1.0988999605178833,0.32269999384880066,-0.024399999529123306,0.40049999952316284,0.023600000888109207,-0.9157000184059143,-0.155799999833107,1.0993000268936157,0.33570000529289246,-0.024399999529123306,0.40049999952316284,0.023600000888109207,-0.9157000184059143,-0.08380000293254852,1.0269999504089355,0.3003000020980835,0.512499988079071,0.35589998960494995,0.25999999046325684,-0.7368999719619751,-0.09359999746084213,1.076200008392334,0.3057999908924103,0.28859999775886536,0.4032000005245209,0.17599999904632568,-0.8503999710083008,-0.11469999700784683,1.0990999937057495,0.32420000433921814,-0.009200000204145908,0.44179999828338623,0.04610000178217888,-0.8959000110626221,-0.1331000030040741,1.0995999574661255,0.3382999897003174,-0.14669999480247498,0.447299987077713,0.03970000147819519,-0.8813999891281128,-0.14980000257492065,1.0958000421524048,0.3504999876022339,-0.14669999480247498,0.447299987077713,0.03970000147819519,-0.8813999891281128,-0.07400000095367432,1.0268000364303589,0.30730000138282776,0.512499988079071,0.35589998960494995,0.25999999046325684,-0.7368999719619751,-0.08470000326633453,1.0693000555038452,0.3192000091075897,0.2500999867916107,0.41440001130104065,0.2176000028848648,-0.847599983215332,-0.10419999808073044,1.0891000032424927,0.3366999924182892,-0.03660000115633011,0.47699999809265137,0.11169999837875366,-0.8709999918937683,-0.12300000339746475,1.0901000499725342,0.34880000352859497,-0.1868000030517578,0.5141000151634216,0.04089999943971634,-0.8360999822616577,-0.14100000262260437,1.0857000350952148,0.357699990272522,-0.1868000030517578,0.5141000151634216,0.04089999943971634,-0.8360999822616577,-0.07180000096559525,1.0250999927520752,0.3140999972820282,0.3725000023841858,0.35199999809265137,0.46970000863075256,-0.7188000082969666,-0.07779999822378159,1.05840003490448,0.33239999413490295,0.20469999313354492,0.4708000123500824,0.2574999928474426,-0.8185999989509583,-0.0949999988079071,1.0733000040054321,0.34459999203681946,-0.047200001776218414,0.5065000057220459,0.18379999697208405,-0.8410999774932861,-0.10989999771118164,1.0751999616622925,0.35280001163482666,-0.13729999959468842,0.5651999711990356,0.1234000027179718,-0.8040000200271606,-0.12729999423027039,1.0746999979019165,0.35899999737739563,-0.13729999959468842,0.5651999711990356,0.1234000027179718,-0.8040000200271606
1771636679.78869,513,2611,3072.0,3072.0,3072.0,3072.0,3072.0,3072.0,3072.0,3072.0,2599.0,2923.0,2787.0,2418.0,2446.0,2583.0,2540.0,2590.0,3072.0,3072.0,3072.0,3072.0,3072.0,3072.0,3072.0,3072.0,2503.0,2664.0,2339.0,2772.0,2641.0,2714.0,2703.0,2641.0,3049.0,3072.0,3072.0,3072.0,3072.0,3072.0,3072.0,3072.0,2653.0,2945.0,2008.0,2706.0,2695.0,2706.0,2641.0,2641.0,3058.0,3072.0,2263.0,3072.0,3072.0,3072.0,3072.0,3072.0,3059.0,3055.0,2959.0,2706.0,2641.0,2706.0,2641.0,2641.0,3049.0,3072.0,2742.0,3072.0,3072.0,3072.0,3072.0,3072.0,2550.0,3072.0,3072.0,2470.0,2434.0,2583.0,2590.0,2641.0,3067.0,3065.0,3072.0,2911.0,3072.0,2860.0,2894.0,2996.0,2872.0,3072.0,3072.0,3064.0,2641.0,2706.0,2590.0,2590.0,3072.0,3072.0,3072.0,3072.0,3072.0,3072.0,3069.0,3072.0,2641.0,3072.0,3069.0,3063.0,2633.0,2633.0,2590.0,2641.0,3072.0,3072.0,3072.0,3072.0,3072.0,3072.0,3063.0,3049.0,2697.0,2941.0,2875.0,3066.0,2130.0,2273.0,2358.0,2492.0,3072.0,3072.0,3072.0,3072.0,3072.0,3072.0,3057.0,3051.0,3072.0,3072.0,3072.0,3065.0,2695.0,2706.0,2641.0,2641.0,2719.0,3002.0,2989.0,3072.0,3072.0,2977.0,3072.0,2853.0,3072.0,3072.0,3072.0,3066.0,2641.0,2706.0,2695.0,2758.0,3072.0,3072.0,3072.0,3072.0,3072.0,3072.0,3072.0,3072.0,3072.0,3072.0,3063.0,2571.0,2590.0,2706.0,2641.0,2641.0,3072.0,3072.0,3072.0,3072.0,3072.0,3072.0,3072.0,2693.0,3072.0,3072.0,3072.0,2373.0,2481.0,2571.0,2590.0,2580.0,2948.0,2703.0,2600.0,2722.0,3072.0,3072.0,3072.0,3072.0,3072.0,3072.0,3072.0,3072.0,3072.0,2950.0,3072.0,3072.0,3072.0,3072.0,3072.0,3072.0,3072.0,3072.0,3072.0,3072.0,3072.0,3072.0,3072.0,3072.0,3072.0,2790.0,3072.0,3072.0,3072.0,3072.0,3072.0,3072.0,3072.0,3072.0,3072.0,3072.0,3072.0,3072.0,3072.0,3072.0,3072.0,3072.0,3072.0,2895.0,3072.0,3072.0,3072.0,3072.0,3072.0,3072.0,3072.0,3072.0,3072.0,3072.0,3072.0,3072.0,3072.0,3031.0,2205.0,1923.0,-0.4388999938964844,0.8966000080108643,0.2540999948978424,0.4805999994277954,-0.024299999698996544,-0.4250999987125397,-0.766700029373169,-0.45739999413490295,0.9435999989509583,0.29089999198913574,0.4805999994277954,-0.024299999698996544,-0.4250999987125397,-0.766700029373169,-0.4226999878883362,0.9345999956130981,0.2775999903678894,0.4325000047683716,0.027000000700354576,0.41040000319480896,-0.8023999929428101,-0.413100004196167,0.95660001039505,0.29679998755455017,0.15919999778270721,0.15780000388622284,0.2964000105857849,-0.9283999800682068,-0.4194999933242798,0.9690999984741211,0.3255999982357025,-0.09390000253915787,0.20020000636577606,0.32350000739097595,-0.9200000166893005,-0.4293999969959259,0.9692000150680542,0.3467000126838684,-0.09390000253915787,0.20020000636577606,0.32350000739097595,-0.9200000166893005,-0.43380001187324524,0.9319000244140625,0.27459999918937683,0.4805999994277954,-0.024299999698996544,-0.4250999987125397,-0.766700029373169,-0.4537000060081482,0.9783999919891357,0.29789999127388,0.32019999623298645,-0.10419999808073044,-0.3741999864578247,-0.8640999794006348,-0.45590001344680786,1.0010000467300415,0.3257000148296356,0.22990000247955322,-0.1445000022649765,-0.3862000107765198,-0.8815000057220459,-0.45410001277923584,1.0128999948501587,0.34540000557899475,0.23250000178813934,-0.11829999834299088,-0.4090000092983246,-0.8744999766349792,-0.4546999931335449,1.0240000486373901,0.3634999990463257,0.23250000178813934,-0.11829999834299088,-0.4090000092983246,-0.8744999766349792,-0.4449999928474426,0.9212999939918518,0.27799999713897705,0.4805999994277954,-0.024299999698996544,-0.4250999987125397,-0.766700029373169,-0.4697999954223633,0.9659000039100647,0.3037000000476837,-0.013100000098347664,-0.2198999971151352,-0.40139999985694885,-0.8889999985694885,-0.45350000262260437,0.972100019454956,0.34049999713897705,-0.6614000201225281,-0.44830000400543213,-0.12269999831914902,-0.588699996471405,-0.43549999594688416,0.9546999931335449,0.33320000767707825,-0.9078999757766724,-0.39640000462532043,0.06989999860525131,-0.11749999970197678,-0.435699999332428,0.9473999738693237,0.310699999332428,-0.9078999757766724,-0.39640000462532043,0.06989999860525131,-0.11749999970197678,-0.4562999904155731,0.9117000102996826,0.28220000863075256,0.4805999994277954,-0.024299999698996544,-0.4250999987125397,-0.766700029373169,-0.4763999879360199,0.9488000273704529,0.3109999895095825,-0.1071000024676323,-0.28200000524520874,-0.41920000314712524,-0.8564000129699707,-0.4553000032901764,0.9508000016212463,0.34119999408721924,-0.6776999831199646,-0.5080000162124634,-0.14000000059604645,-0.5128999948501587,-0.4374000132083893,0.9369000196456909,0.3303000032901764,-0.8572999835014343,-0.49779999256134033,0.12049999833106995,-0.051899999380111694,-0.4397999942302704,0.9311000108718872,0.30809998512268066,-0.8572999835014343,-0.49779999256134033,0.12049999833106995,-0.051899999380111694,-0.4587000012397766,0.9057999849319458,0.2874999940395355,0.3865000009536743,-0.02319999970495701,-0.6371999979019165,-0.6664000153541565,-0.47870001196861267,0.9294000267982483,0.31779998540878296,-0.11789999902248383,-0.353300005197525,-0.47130000591278076,-0.7994999885559082,-0.45899999141693115,0.9336000084877014,0.33880001306533813,-0.6563000082969666,-0.5616999864578247,-0.17970000207424164,-0.4706000089645386,-0.44429999589920044,0.925599992275238,0.3294000029563904,-0.7960000038146973,-0.5932000279426575,0.11509999632835388,-0.03400000184774399,-0.44609999656677246,0.921500027179718,0.3089999854564667,-0.7960000038146973,-0.5932000279426575,0.11509999632835388,-0.03400000184774399,-0.06949999928474426,1.0022000074386597,0.2881999909877777,0.5184999704360962,0.35339999198913574,0.258899986743927,-0.7343000173568726,-0.08760000020265579,1.0532000064849854,0.3028999865055084,0.5184999704360962,0.35339999198913574,0.258899986743927,-0.7343000173568726,-0.10419999808073044,1.0262000560760498,0.29350000619888306,0.47350001335144043,0.15479999780654907,-0.659600019454956,-0.5627999901771545,-0.12620000541210175,1.0351999998092651,0.3073999881744385,0.45239999890327454,0.10360000282526016,-0.5896999835968018,-0.6610000133514404,-0.1454000025987625,1.0489000082015991,0.3237000107765198,0.515999972820282,0.2062000036239624,-0.650600016117096,-0.5177000164985657,-0.16419999301433563,1.0546000003814697,0.33070001006126404,0.515999972820282,0.2062000036239624,-0.650600016117096,-0.5177000164985657,-0.09430000185966492,1.0291999578475952,0.29190000891685486,0.5184999704360962,0.35339999198913574,0.258899986743927,-0.7343000173568726,-0.10679999738931656,1.0772000551223755,0.29330000281333923,0.3125999867916107,0.3864000141620636,0.1298999935388565,-0.8579999804496765,-0.12549999356269836,1.097599983215332,0.30959999561309814,0.06340000033378601,0.41499999165534973,0.04520000144839287,-0.906499981880188,-0.14079999923706055,1.1008000373840332,0.3228999972343445,-0.02459999918937683,0.3959999978542328,0.025299999862909317,-0.9175999760627747,-0.15440000593662262,1.101199984550476,0.3361000120639801,-0.02459999918937683,0.3959999978542328,0.025299999862909317,-0.9175999760627747,-0.0828000009059906,1.02839994430542,0.3003000020980835,0.5184999704360962,0.35339999198913574,0.258899986743927,-0.7343000173568726,-0.09229999780654907,1.0779999494552612,0.30550000071525574,0.2906999886035919,0.40059998631477356,0.17470000684261322,-0.8511999845504761,-0.11339999735355377,1.101099967956543,0.3240000009536743,-0.007199999876320362,0.4388999938964844,0.045899998396635056,-0.8974000215530396,-0.13179999589920044,1.101699948310852,0.3382999897003174,-0.14399999380111694,0.44449999928474426,0.04019999876618385,-0.8831999897956848,-0.148499995470047,1.0979000329971313,0.3506999909877777,-0.14399999380111694,0.44449999928474426,0.04019999876618385,-0.8831999897956848,-0.07289999723434448,1.0281000137329102,0.3073999881744385,0.5184999704360962,0.35339999198913574,0.258899986743927,-0.7343000173568726,-0.08340000361204147,1.0710999965667725,0.3190000057220459,0.2556999921798706,0.41200000047683716,0.21729999780654907,-0.8471999764442444,-0.10270000249147415,1.0913000106811523,0.33649998903274536,-0.03060000017285347,0.474700003862381,0.11230000108480453,-0.8723999857902527,-0.12150000035762787,1.0924999713897705,0.34880000352859497,-0.18060000240802765,0.5121999979019165,0.041999999433755875,-0.8385999798774719,-0.1395999938249588,1.0884000062942505,0.3578999936580658,-0.18060000240802765,0.5121999979019165,0.041999999433755875,-0.8385999798774719,-0.07069999724626541,1.0264999866485596,0.3142000138759613,0.3788999915122986,0.35109999775886536,0.46889999508857727,-0.7164000272750854,-0.07639999687671661,1.0602999925613403,0.33230000734329224,0.21070000529289246,0.4691999852657318,0.2565000057220459,-0.8183000087738037,-0.09359999746084213,1.0755000114440918,0.34450000524520874,-0.04089999943971634,0.5051000118255615,0.18369999527931213,-0.8422999978065491,-0.10849999636411667,1.0774999856948853,0.3528999984264374,-0.1298000067472458,0.5636000037193298,0.12399999797344208,-0.8062999844551086,-0.12600000202655792,1.0772000551223755,0.35920000076293945,-0.1298000067472458,0.5636000037193298,0.12399999797344208,-0.8062999844551086
1771636679.827507,555,2537,3072.0,3072.0,3072.0,3072.0,3072.0,3072.0,3072.0,3072.0,2599.0,2641.0,2374.0,2418.0,2446.0,2653.0,2599.0,2650.0,3072.0,3072.0,3072.0,3072.0,3072.0,3072.0,3072.0,3072.0,2446.0,2702.0,2310.0,2772.0,2641.0,2571.0,2641.0,2641.0,3049.0,3072.0,3072.0,3072.0,3072.0,3072.0,3072.0,3072.0,2653.0,2983.0,2216.0,2706.0,2695.0,2633.0,2641.0,2641.0,3059.0,3072.0,2344.0,3072.0,3072.0,3072.0,3072.0,3072.0,3059.0,3065.0,3030.0,2633.0,2641.0,2706.0,2641.0,2580.0,3045.0,3072.0,2742.0,3072.0,3072.0,3072.0,3072.0,3072.0,2434.0,3072.0,3072.0,2470.0,2492.0,2583.0,2590.0,2641.0,3064.0,3065.0,3072.0,2857.0,3052.0,2860.0,2918.0,2995.0,2872.0,3072.0,3072.0,3063.0,2641.0,2706.0,2590.0,2590.0,3072.0,3072.0,3072.0,3072.0,3072.0,3072.0,3069.0,3072.0,2580.0,3072.0,3069.0,3063.0,2633.0,2706.0,2710.0,2703.0,3072.0,3072.0,3072.0,3072.0,3072.0,3072.0,3066.0,3048.0,2697.0,2992.0,2855.0,3066.0,2130.0,2273.0,2413.0,2492.0,3072.0,3072.0,3072.0,3072.0,3072.0,3072.0,3058.0,3050.0,3072.0,3072.0,3072.0,3066.0,2695.0,2706.0,2641.0,2703.0,2708.0,3004.0,2999.0,3072.0,3072.0,2976.0,3072.0,2817.0,3072.0,3072.0,3072.0,3066.0,2641.0,2779.0,2758.0,2758.0,3072.0,3072.0,3072.0,3072.0,3072.0,3072.0,3072.0,3072.0,3072.0,3072.0,3059.0,2643.0,2590.0,2706.0,2641.0,2641.0,3072.0,3072.0,3072.0,3072.0,3072.0,3072.0,3072.0,2769.0,3072.0,3072.0,3072.0,2443.0,2540.0,2643.0,2590.0,2703.0,2882.0,2639.0,2505.0,2839.0,3072.0,3072.0,3072.0,3072.0,3072.0,3072.0,3072.0,3072.0,3072.0,3072.0,3072.0,3072.0,3072.0,3072.0,3072.0,3072.0,3072.0,3072.0,3072.0,3072.0,3072.0,3072.0,3072.0,3072.0,3072.0,2920.0,3072.0,3072.0,3072.0,3072.0,3072.0,3072.0,3072.0,3072.0,3072.0,3072.0,3072.0,3072.0,3072.0,3072.0,3072.0,3072.0,3072.0,3058.0,3072.0,3072.0,3072.0,3072.0,3072.0,3072.0,3072.0,3072.0,3072.0,3072.0,3072.0,3072.0,3072.0,3003.0,2150.0,2189.0,-0.4440000057220459,0.8960000276565552,0.23160000145435333,0.5023000240325928,-0.031199999153614044,-0.45190000534057617,-0.7365999817848206,-0.46480000019073486,0.9441999793052673,0.2655999958515167,0.5023000240325928,-0.031199999153614044,-0.45190000534057617,-0.7365999817848206,-0.42989999055862427,0.9363999962806702,0.25220000743865967,0.46459999680519104,0.05290000140666962,0.37610000371932983,-0.800000011920929,-0.42170000076293945,0.9606000185012817,0.2696000039577484,0.19050000607967377,0.16830000281333923,0.25450000166893005,-0.9330999851226807,-0.4287000000476837,0.9746999740600586,0.29750001430511475,-0.06449999660253525,0.20260000228881836,0.2818000018596649,-0.9355999827384949,-0.4383000135421753,0.9757000207901001,0.31869998574256897,-0.06449999660253525,0.20260000228881836,0.2818000018596649,-0.9355999827384949,-0.4408000111579895,0.9329000115394592,0.24959999322891235,0.5023000240325928,-0.031199999153614044,-0.45190000534057617,-0.7365999817848206,-0.46320000290870667,0.9796000123023987,0.2703000009059906,0.34860000014305115,-0.11580000072717667,-0.3991999924182892,-0.8399999737739563,-0.46619999408721924,1.003999948501587,0.29660001397132874,0.2467000037431717,-0.1657000035047531,-0.40700000524520874,-0.8636999726295471,-0.4641999900341034,1.0169999599456787,0.3156000077724457,0.24779999256134033,-0.14000000059604645,-0.4302000105381012,-0.8567000031471252,-0.46459999680519104,1.0288000106811523,0.33320000767707825,0.24779999256134033,-0.14000000059604645,-0.4302000105381012,-0.8567000031471252,-0.4512999951839447,0.9218999743461609,0.2540000081062317,0.5023000240325928,-0.031199999153614044,-0.45190000534057617,-0.7365999817848206,-0.47839999198913574,0.9666000008583069,0.27730000019073486,0.03359999880194664,-0.23569999635219574,-0.4239000082015991,-0.8738999962806702,-0.462799996137619,0.9771000146865845,0.313400000333786,-0.6258999705314636,-0.47760000824928284,-0.12020000070333481,-0.6047999858856201,-0.4438000023365021,0.9603000283241272,0.30709999799728394,-0.8903999924659729,-0.4221000075340271,0.08919999748468399,-0.14489999413490295,-0.4440000057220459,0.9516000151634216,0.2851000130176544,-0.8903999924659729,-0.4221000075340271,0.08919999748468399,-0.14489999413490295,-0.461899995803833,0.911899983882904,0.2590000033378601,0.5023000240325928,-0.031199999153614044,-0.45190000534057617,-0.7365999817848206,-0.4837999939918518,0.9495999813079834,0.2858000099658966,-0.055399999022483826,-0.2978000044822693,-0.4408999979496002,-0.8449000120162964,-0.4634000062942505,0.9559000134468079,0.3160000145435333,-0.6380000114440918,-0.5375000238418579,-0.13809999823570251,-0.5338000059127808,-0.44449999928474426,0.9424999952316284,0.3061000108718872,-0.8359000086784363,-0.5234000086784363,0.13850000500679016,-0.09000000357627869,-0.446399986743927,0.9348000288009644,0.28439998626708984,-0.8359000086784363,-0.5234000086784363,0.13850000500679016,-0.09000000357627869,-0.46389999985694885,0.9061999917030334,0.2648000121116638,0.40290001034736633,-0.03909999877214432,-0.6599000096321106,-0.6330000162124634,-0.4848000109195709,0.9305999875068665,0.2939000129699707,-0.07320000231266022,-0.37209999561309814,-0.4885999858379364,-0.7857999801635742,-0.46560001373291016,0.9377999901771545,0.31470000743865967,-0.6175000071525574,-0.5916000008583069,-0.17720000445842743,-0.4871000051498413,-0.450300008058548,0.9302999973297119,0.3057999908924103,-0.7712000012397766,-0.6187999844551086,0.13130000233650208,-0.07109999656677246,-0.4514999985694885,0.9246000051498413,0.2858000099658966,-0.7712000012397766,-0.6187999844551086,0.13130000233650208,-0.07109999656677246,-0.06920000165700912,1.003499984741211,0.288100004196167,0.5217000246047974,0.3529999852180481,0.25999999046325684,-0.7318000197410583,-0.08699999749660492,1.054900050163269,0.30250000953674316,0.5217000246047974,0.3529999852180481,0.25999999046325684,-0.7318000197410583,-0.1039000004529953,1.0277999639511108,0.29319998621940613,0.4779999852180481,0.15320000052452087,-0.6571999788284302,-0.5622000098228455,-0.12610000371932983,1.0370999574661255,0.3068999946117401,0.45410001277923584,0.10000000149011612,-0.5875999927520752,-0.6621999740600586,-0.1451999992132187,1.0509999990463257,0.323199987411499,0.5181999802589417,0.20280000567436218,-0.6492000222206116,-0.5184999704360962,-0.16410000622272491,1.0570000410079956,0.3301999866962433,0.5181999802589417,0.20280000567436218,-0.6492000222206116,-0.5184999704360962,-0.09399999678134918,1.0307999849319458,0.2915000021457672,0.5217000246047974,0.3529999852180481,0.25999999046325684,-0.7318000197410583,-0.10620000213384628,1.0791000127792358,0.29269999265670776,0.3109999895095825,0.3840999901294708,0.13220000267028809,-0.8592000007629395,-0.12489999830722809,1.0995999574661255,0.3091999888420105,0.06120000034570694,0.41339999437332153,0.0478999987244606,-0.9071999788284302,-0.14030000567436218,1.1026999950408936,0.32269999384880066,-0.026799999177455902,0.3946000039577484,0.028200000524520874,-0.9179999828338623,-0.15389999747276306,1.1030999422073364,0.335999995470047,-0.026799999177455902,0.3946000039577484,0.028200000524520874,-0.9179999828338623,-0.08240000158548355,1.0299999713897705,0.30000001192092896,0.5217000246047974,0.3529999852180481,0.25999999046325684,-0.7318000197410583,-0.0917000025510788,1.0799000263214111,0.3050000071525574,0.2913999855518341,0.4000000059604645,0.17589999735355377,-0.8510000109672546,-0.1128000020980835,1.1030999422073364,0.32359999418258667,-0.006300000008195639,0.43880000710487366,0.047200001776218414,-0.8973000049591064,-0.13130000233650208,1.1038000583648682,0.33799999952316284,-0.14239999651908875,0.444599986076355,0.04179999977350235,-0.883400022983551,-0.14810000360012054,1.1002000570297241,0.3504999876022339,-0.14239999651908875,0.444599986076355,0.04179999977350235,-0.883400022983551,-0.07240000367164612,1.0297000408172607,0.30720001459121704,0.5217000246047974,0.3529999852180481,0.25999999046325684,-0.7318000197410583,-0.08269999921321869,1.0729999542236328,0.31859999895095825,0.2596000134944916,0.4117000102996826,0.21899999678134918,-0.8457000255584717,-0.10199999809265137,1.093500018119812,0.335999995470047,-0.026000000536441803,0.47510001063346863,0.11420000344514847,-0.8720999956130981,-0.120899997651577,1.0950000286102295,0.3483999967575073,-0.1754000037908554,0.5128999948501587,0.04390000179409981,-0.8392000198364258,-0.13910000026226044,1.090999960899353,0.35760000348091125,-0.1754000037908554,0.5128999948501587,0.04390000179409981,-0.8392000198364258,-0.07020000368356705,1.0281000137329102,0.3140999972820282,0.382099986076355,0.35179999470710754,0.4699999988079071,-0.713699996471405,-0.07580000162124634,1.0621999502182007,0.3319999873638153,0.21449999511241913,0.4697999954223633,0.2574000060558319,-0.8166999816894531,-0.09300000220537186,1.0776000022888184,0.3441999852657318,-0.03629999980330467,0.5059999823570251,0.18459999561309814,-0.8417999744415283,-0.10790000110864639,1.079800009727478,0.35260000824928284,-0.12349999696016312,0.5644000172615051,0.1256999969482422,-0.8065000176429749,-0.12549999356269836,1.079800009727478,0.35899999737739563,-0.12349999696016312,0.5644000172615051,0.1256999969482422,-0.8065000176429749
1771636679.866827,597,2584,3072.0,3072.0,3072.0,3072.0,3072.0,3072.0,3072.0,3072.0,2599.0,2747.0,2675.0,2353.0,2446.0,2513.0,2540.0,2590.0,3072.0,3072.0,3072.0,3072.0,3072.0,3072.0,3072.0,3072.0,2560.0,2673.0,2323.0,2772.0,2641.0,2643.0,2703.0,2641.0,3038.0,3072.0,3072.0,3072.0,3072.0,3072.0,3072.0,3072.0,2653.0,2842.0,2244.0,2706.0,2695.0,2706.0,2703.0,2641.0,3053.0,3072.0,2182.0,3072.0,3072.0,2779.0,3072.0,3072.0,3059.0,3052.0,3051.0,2706.0,2641.0,2706.0,2703.0,2641.0,3043.0,3072.0,2633.0,3072.0,3072.0,2792.0,3072.0,3072.0,2492.0,3072.0,3072.0,2470.0,2434.0,2583.0,2590.0,2641.0,3067.0,3065.0,3072.0,2937.0,3065.0,2754.0,2904.0,2999.0,2887.0,3072.0,3072.0,3064.0,2641.0,2706.0,2650.0,2590.0,3072.0,3072.0,3072.0,3072.0,3072.0,3072.0,3069.0,3072.0,2641.0,3070.0,3070.0,3063.0,2695.0,2706.0,2590.0,2641.0,3072.0,3072.0,3072.0,3072.0,3072.0,3072.0,3069.0,3055.0,2697.0,2924.0,2882.0,3066.0,2130.0,2211.0,2358.0,2492.0,3072.0,3065.0,3072.0,3072.0,3072.0,2950.0,3058.0,3053.0,3072.0,3072.0,3072.0,3066.0,2695.0,2779.0,2641.0,2641.0,2677.0,3014.0,2979.0,3072.0,3072.0,2831.0,3072.0,2847.0,3072.0,3072.0,3072.0,3066.0,2641.0,2706.0,2695.0,2695.0,3072.0,3072.0,3072.0,3072.0,3072.0,3072.0,3072.0,3072.0,3072.0,3072.0,3072.0,2643.0,2590.0,2706.0,2641.0,2641.0,3072.0,3072.0,3072.0,3072.0,3072.0,3072.0,3072.0,2779.0,3072.0,3072.0,3072.0,2513.0,2540.0,2571.0,2590.0,2641.0,2929.0,2606.0,2604.0,2784.0,3072.0,3072.0,3072.0,3072.0,3072.0,3072.0,3072.0,3072.0,3072.0,2967.0,3072.0,3072.0,3072.0,3072.0,3072.0,3072.0,3072.0,3072.0,3072.0,3072.0,3072.0,3072.0,3072.0,3072.0,3072.0,2942.0,3072.0,3072.0,3072.0,3072.0,3072.0,3072.0,3072.0,3072.0,3072.0,3072.0,3072.0,3072.0,3072.0,3072.0,3072.0,3072.0,3072.0,2989.0,3072.0,3072.0,3072.0,3072.0,3072.0,3072.0,3072.0,3072.0,3072.0,3072.0,3072.0,3072.0,3072.0,2793.0,2349.0,2342.0,-0.4487000107765198,0.8901000022888184,0.2160000056028366,0.5260999798774719,-0.025200000032782555,-0.46309998631477356,-0.7128000259399414,-0.4724000096321106,0.9391999840736389,0.24729999899864197,0.5260999798774719,-0.025200000032782555,-0.46309998631477356,-0.7128000259399414,-0.4366999864578247,0.932200014591217,0.23479999601840973,0.48179998993873596,0.0820000022649765,0.35910001397132874,-0.7950999736785889,-0.4300999939441681,0.9577999711036682,0.250900000333786,0.2078000009059906,0.18889999389648438,0.22830000519752502,-0.932200014591217,-0.4383000135421753,0.9729999899864197,0.27810001373291016,-0.050999999046325684,0.218299999833107,0.25110000371932983,-0.9416000247001648,-0.44859999418258667,0.9745000004768372,0.29910001158714294,-0.050999999046325684,0.218299999833107,0.25110000371932983,-0.9416000247001648,-0.44749999046325684,0.9280999898910522,0.2321999967098236,0.5260999798774719,-0.025200000032782555,-0.46309998631477356,-0.7128000259399414,-0.4724000096321106,0.9749000072479248,0.2500999867916107,0.3767000138759613,-0.11140000075101852,-0.4115000069141388,-0.8223999738693237,-0.47699999809265137,1.000599980354309,0.2750000059604645,0.27250000834465027,-0.1656000018119812,-0.4185999929904938,-0.8503999710083008,-0.4758000075817108,1.0145000219345093,0.29350000619888306,0.27309998869895935,-0.1404999941587448,-0.4422000050544739,-0.8427000045776367,-0.47690001130104065,1.0271999835968018,0.31060001254081726,0.27309998869895935,-0.1404999941587448,-0.4422000050544739,-0.8427000045776367,-0.4575999975204468,0.9168000221252441,0.2370000034570694,0.5260999798774719,-0.025200000032782555,-0.46309998631477356,-0.7128000259399414,-0.48730000853538513,0.9614999890327454,0.2574999928474426,0.07649999856948853,-0.23330000042915344,-0.43939998745918274,-0.8640999794006348,-0.47350001335144043,0.9753000140190125,0.29350000619888306,-0.597100019454956,-0.489300012588501,-0.12639999389648438,-0.6229000091552734,-0.4535999894142151,0.9589999914169312,0.28839999437332153,-0.8784000277519226,-0.43720000982284546,0.09210000187158585,-0.16940000653266907,-0.45320001244544983,0.9491999745368958,0.26669999957084656,-0.8784000277519226,-0.43720000982284546,0.09210000187158585,-0.16940000653266907,-0.46790000796318054,0.906499981880188,0.24240000545978546,0.5260999798774719,-0.025200000032782555,-0.46309998631477356,-0.7128000259399414,-0.4921000003814697,0.9448000192642212,0.2669000029563904,-0.008999999612569809,-0.29600000381469727,-0.4569999873638153,-0.838699996471405,-0.4733000099658966,0.954200029373169,0.29750001430511475,-0.6049000024795532,-0.5504999756813049,-0.1453000009059906,-0.5568000078201294,-0.45339998602867126,0.9412000179290771,0.289000004529953,-0.8205000162124634,-0.5397999882698059,0.13950000703334808,-0.1264999955892563,-0.45419999957084656,0.9320999979972839,0.26759999990463257,-0.8205000162124634,-0.5397999882698059,0.13950000703334808,-0.1264999955892563,-0.46970000863075256,0.9010999798774719,0.2485000044107437,0.4259999990463257,-0.04170000180602074,-0.6693000197410583,-0.6072999835014343,-0.49230000376701355,0.9261000156402588,0.2759999930858612,-0.03180000185966492,-0.37380000948905945,-0.5015000104904175,-0.7796000242233276,-0.47429999709129333,0.9355999827384949,0.296999990940094,-0.5848000049591064,-0.6057000160217285,-0.18330000340938568,-0.5074999928474426,-0.45829999446868896,0.9283999800682068,0.289000004529953,-0.7529000043869019,-0.6355999708175659,0.13199999928474426,-0.10830000042915344,-0.45840001106262207,0.921500027179718,0.26919999718666077,-0.7529000043869019,-0.6355999708175659,0.13199999928474426,-0.10830000042915344,-0.06920000165700912,1.0052000284194946,0.2879999876022339,0.5228999853134155,0.35350000858306885,0.2630999982357025,-0.7296000123023987,-0.08709999918937683,1.0573999881744385,0.30239999294281006,0.5228999853134155,0.35350000858306885,0.2630999982357025,-0.7296000123023987,-0.10429999977350235,1.0300999879837036,0.29280000925064087,0.48179998993873596,0.1535000056028366,-0.6539999842643738,-0.5626999735832214,-0.1266999989748001,1.0396000146865845,0.30649998784065247,0.4528999924659729,0.09650000184774399,-0.5852000117301941,-0.6657000184059143,-0.14589999616146088,1.0539000034332275,0.3231000006198883,0.5170000195503235,0.1988999992609024,-0.6477000117301941,-0.5231000185012817,-0.1648000031709671,1.059999942779541,0.3303000032901764,0.5170000195503235,0.1988999992609024,-0.6477000117301941,-0.5231000185012817,-0.0940999984741211,1.0329999923706055,0.2912999987602234,0.5228999853134155,0.35350000858306885,0.2630999982357025,-0.7296000123023987,-0.1062999963760376,1.0819000005722046,0.2924000024795532,0.3082999885082245,0.38350000977516174,0.1363999992609024,-0.8597999811172485,-0.125,1.1025999784469604,0.3091999888420105,0.05739999935030937,0.4138999879360199,0.051600001752376556,-0.9070000052452087,-0.14059999585151672,1.1057000160217285,0.32280001044273376,-0.030700000002980232,0.3953999876976013,0.031700000166893005,-0.9174000024795532,-0.15440000593662262,1.1059999465942383,0.3361999988555908,-0.030700000002980232,0.3953999876976013,0.031700000166893005,-0.9174000024795532,-0.08250000327825546,1.032099962234497,0.29989999532699585,0.5228999853134155,0.35350000858306885,0.2630999982357025,-0.7296000123023987,-0.09160000085830688,1.0827000141143799,0.30480000376701355,0.2906999886035919,0.40059998631477356,0.1793999969959259,-0.8501999974250793,-0.11289999634027481,1.1061999797821045,0.32359999418258667,-0.0071000000461936,0.44040000438690186,0.05009999871253967,-0.896399974822998,-0.1316000074148178,1.1069999933242798,0.33809998631477356,-0.1428000032901764,0.4465000033378601,0.044599998742341995,-0.8822000026702881,-0.14869999885559082,1.1032999753952026,0.3506999909877777,-0.1428000032901764,0.4465000033378601,0.044599998742341995,-0.8822000026702881,-0.07249999791383743,1.0318000316619873,0.30720001459121704,0.5228999853134155,0.35350000858306885,0.2630999982357025,-0.7296000123023987,-0.08269999921321869,1.075700044631958,0.31859999895095825,0.260699987411499,0.41280001401901245,0.2222999930381775,-0.8439000248908997,-0.10209999978542328,1.09660005569458,0.3361999988555908,-0.02449999935925007,0.4772000014781952,0.11680000275373459,-0.8705999851226807,-0.12129999697208405,1.0981999635696411,0.34860000014305115,-0.17319999635219574,0.5152999758720398,0.046300001442432404,-0.8379999995231628,-0.1396999955177307,1.0943000316619873,0.3578000068664551,-0.17319999635219574,0.5152999758720398,0.046300001442432404,-0.8379999995231628,-0.07029999792575836,1.0302000045776367,0.314300000667572,0.38269999623298645,0.3528999984264374,0.47269999980926514,-0.7110000252723694,-0.07580000162124634,1.0647000074386597,0.33219999074935913,0.21549999713897705,0.4717000126838684,0.25940001010894775,-0.8147000074386597,-0.09319999814033508,1.080399990081787,0.34450000524520874,-0.03460000082850456,0.508400022983551,0.18629999458789825,-0.8399999737739563,-0.10830000042915344,1.0827000141143799,0.3528999984264374,-0.12060000002384186,0.5666999816894531,0.12759999930858612,-0.8050000071525574,-0.12610000371932983,1.082900047302246,0.35920000076293945,-0.12060000002384186,0.5666999816894531,0.12759999930858612,-0.8050000071525574
1771636679.90834,638,2499,3072.0,3072.0,3072.0,3072.0,3072.0,3072.0,3072.0,3072.0,2540.0,2703.0,2494.0,2418.0,2389.0,2583.0,2599.0,2590.0,3072.0,3072.0,3072.0,3072.0,3072.0,3072.0,3072.0,3072.0,2446.0,2666.0,2009.0,2772.0,2641.0,2643.0,2641.0,2641.0,3038.0,3072.0,3072.0,3072.0,3072.0,3072.0,3072.0,3072.0,2606.0,2879.0,2244.0,2706.0,2695.0,2706.0,2641.0,2641.0,3054.0,3072.0,2263.0,3072.0,3072.0,2925.0,3072.0,3072.0,3022.0,3005.0,3028.0,2706.0,2641.0,2779.0,2703.0,2641.0,3049.0,3072.0,2962.0,3072.0,3072.0,3072.0,3072.0,3072.0,2434.0,3072.0,3072.0,2470.0,2492.0,2583.0,2650.0,2641.0,3067.0,3065.0,3072.0,2937.0,3065.0,2754.0,2904.0,2999.0,2887.0,3072.0,3072.0,3064.0,2641.0,2706.0,2650.0,2590.0,3072.0,3072.0,3072.0,3072.0,3072.0,3072.0,3069.0,3072.0,2641.0,3070.0,3070.0,3063.0,2695.0,2706.0,2650.0,2641.0,3072.0,3072.0,3072.0,3072.0,3072.0,3072.0,3064.0,3049.0,2472.0,2970.0,2927.0,3066.0,2130.0,2273.0,2413.0,2492.0,3072.0,3072.0,3072.0,3072.0,3072.0,3011.0,3054.0,3047.0,3072.0,3072.0,3072.0,3066.0,2758.0,2706.0,2703.0,2703.0,2685.0,2996.0,2966.0,3072.0,3072.0,2933.0,3072.0,2887.0,3072.0,3072.0,3072.0,3066.0,2703.0,2706.0,2758.0,2695.0,3072.0,3072.0,3072.0,3072.0,3072.0,3072.0,3072.0,3072.0,3072.0,3072.0,3072.0,2571.0,2590.0,2633.0,2641.0,2641.0,3072.0,3072.0,3072.0,3072.0,3072.0,3072.0,3072.0,2779.0,3072.0,3072.0,3072.0,2373.0,2540.0,2571.0,2590.0,2641.0,3011.0,2591.0,2497.0,2664.0,3072.0,3072.0,3072.0,3072.0,3072.0,3072.0,3072.0,3072.0,3072.0,2967.0,3072.0,3072.0,3072.0,3072.0,3072.0,3072.0,3072.0,3072.0,3072.0,3072.0,3072.0,3072.0,3072.0,3072.0,3072.0,2531.0,3072.0,3072.0,3072.0,3072.0,3072.0,3072.0,3072.0,3072.0,3072.0,3072.0,3072.0,3072.0,3072.0,3072.0,3072.0,3072.0,3072.0,2934.0,3072.0,3072.0,3072.0,3072.0,3072.0,3072.0,3072.0,3072.0,3072.0,3072.0,3072.0,3072.0,3072.0,2830.0,2243.0,2031.0,-0.4505000114440918,0.8871999979019165,0.2029000073671341,0.5383999943733215,-0.011599999852478504,-0.45809999108314514,-0.7073000073432922,-0.47589999437332153,0.9362999796867371,0.23270000517368317,0.5383999943733215,-0.011599999852478504,-0.45809999108314514,-0.7073000073432922,-0.43970000743865967,0.9297000169754028,0.2215999960899353,0.47920000553131104,0.10119999945163727,0.3619999885559082,-0.7930999994277954,-0.43389999866485596,0.9555000066757202,0.23770000040531158,0.2045000046491623,0.20900000631809235,0.22439999878406525,-0.9296000003814697,-0.44350001215934753,0.9707000255584717,0.26440000534057617,-0.06360000371932983,0.23880000412464142,0.23919999599456787,-0.9390000104904175,-0.454800009727478,0.9718000292778015,0.2849000096321106,-0.06360000371932983,0.23880000412464142,0.23919999599456787,-0.9390000104904175,-0.450300008058548,0.9254000186920166,0.21870000660419464,0.5383999943733215,-0.011599999852478504,-0.45809999108314514,-0.7073000073432922,-0.4763999879360199,0.972000002861023,0.23510000109672546,0.3874000012874603,-0.09769999980926514,-0.4088999927043915,-0.8205000162124634,-0.4821000099182129,0.9977999925613403,0.2597000002861023,0.28110000491142273,-0.15330000221729279,-0.4171000123023987,-0.850600004196167,-0.4814999997615814,1.0118999481201172,0.27810001373291016,0.2816999852657318,-0.12839999794960022,-0.4406999945640564,-0.8425999879837036,-0.4830999970436096,1.0246000289916992,0.29510000348091125,0.2816999852657318,-0.12839999794960022,-0.4406999945640564,-0.8425999879837036,-0.4603999853134155,0.9139999747276306,0.2232999950647354,0.5383999943733215,-0.011599999852478504,-0.45809999108314514,-0.7073000073432922,-0.49129998683929443,0.9585999846458435,0.24220000207424164,0.09589999914169312,-0.21719999611377716,-0.4433000087738037,-0.8644000291824341,-0.4794999957084656,0.9732000231742859,0.2784000039100647,-0.5924999713897705,-0.4837000072002411,-0.1348000019788742,-0.6299999952316284,-0.4593000113964081,0.9570000171661377,0.27399998903274536,-0.8792999982833862,-0.43639999628067017,0.08470000326633453,-0.17069999873638153,-0.4586000144481659,0.9473000168800354,0.2522999942302704,-0.8792999982833862,-0.43639999628067017,0.08470000326633453,-0.17069999873638153,-0.4708000123500824,0.9036999940872192,0.22840000689029694,0.5383999943733215,-0.011599999852478504,-0.45809999108314514,-0.7073000073432922,-0.49630001187324524,0.9417999982833862,0.2515000104904175,0.01080000028014183,-0.2808000147342682,-0.46239998936653137,-0.8409000039100647,-0.47909998893737793,0.9520999789237976,0.28279998898506165,-0.5960999727249146,-0.5455999970436096,-0.15559999644756317,-0.5681999921798706,-0.4587000012397766,0.939300000667572,0.2750999927520752,-0.8187999725341797,-0.5415999889373779,0.12839999794960022,-0.14030000567436218,-0.45879998803138733,0.9300000071525574,0.25380000472068787,-0.8187999725341797,-0.5415999889373779,0.12839999794960022,-0.14030000567436218,-0.47269999980926514,0.8982999920845032,0.23440000414848328,0.4415000081062317,-0.03180000185966492,-0.6651999950408936,-0.6013000011444092,-0.4966000020503998,0.92330002784729,0.26089999079704285,-0.01489999983459711,-0.3619999885559082,-0.5055000185966492,-0.7831000089645386,-0.4796000123023987,0.9333000183105469,0.2824000120162964,-0.5748999714851379,-0.6015999913215637,-0.19339999556541443,-0.5198000073432922,-0.46320000290870667,0.9261999726295471,0.2750000059604645,-0.7501000165939331,-0.6381000280380249,0.12020000070333481,-0.1257999986410141,-0.46239998936653137,0.9190999865531921,0.25540000200271606,-0.7501000165939331,-0.6381000280380249,0.12020000070333481,-0.1257999986410141,-0.06949999928474426,1.007099986076355,0.28760001063346863,0.5242000222206116,0.3546000123023987,0.266400009393692,-0.7269999980926514,-0.08730000257492065,1.0597000122070312,0.301800012588501,0.5242000222206116,0.3546000123023987,0.266400009393692,-0.7269999980926514,-0.10459999740123749,1.0322999954223633,0.2921999990940094,0.48500001430511475,0.15360000729560852,-0.651199996471405,-0.5630999803543091,-0.12729999423027039,1.0420000553131104,0.3057999908924103,0.4499000012874603,0.09149999916553497,-0.5834000110626221,-0.6699000000953674,-0.1462000012397766,1.05649995803833,0.32269999384880066,0.5141000151634216,0.193900004029274,-0.6470999717712402,-0.5285000205039978,-0.16509999334812164,1.0628999471664429,0.33009999990463257,0.5141000151634216,0.193900004029274,-0.6470999717712402,-0.5285000205039978,-0.09449999779462814,1.035099983215332,0.2906999886035919,0.5242000222206116,0.3546000123023987,0.266400009393692,-0.7269999980926514,-0.1062999963760376,1.0844000577926636,0.29159998893737793,0.3050999939441681,0.3840000033378601,0.1395999938249588,-0.8601999878883362,-0.12520000338554382,1.1052000522613525,0.3086000084877014,0.05299999937415123,0.41530001163482666,0.054099999368190765,-0.906499981880188,-0.14100000262260437,1.108199954032898,0.322299987077713,-0.035100001841783524,0.3968999981880188,0.033900000154972076,-0.9165999889373779,-0.15489999949932098,1.108299970626831,0.33570000529289246,-0.035100001841783524,0.3968999981880188,0.033900000154972076,-0.9165999889373779,-0.0828000009059906,1.0341999530792236,0.2994999885559082,0.5242000222206116,0.3546000123023987,0.266400009393692,-0.7269999980926514,-0.0917000025510788,1.0851000547409058,0.3041999936103821,0.2897000014781952,0.4018000066280365,0.18250000476837158,-0.8493000268936157,-0.11309999972581863,1.1088999509811401,0.3231000006198883,-0.00860000029206276,0.4426000118255615,0.052299998700618744,-0.8950999975204468,-0.13199999928474426,1.1095999479293823,0.3375999927520752,-0.14419999718666077,0.4489000141620636,0.04639999940991402,-0.8805999755859375,-0.1492999941110611,1.1059000492095947,0.35010001063346863,-0.14419999718666077,0.4489000141620636,0.04639999940991402,-0.8805999755859375,-0.07270000129938126,1.0339000225067139,0.3068999946117401,0.5242000222206116,0.3546000123023987,0.266400009393692,-0.7269999980926514,-0.0828000009059906,1.0780999660491943,0.3181000053882599,0.26179999113082886,0.41449999809265137,0.22540000081062317,-0.8418999910354614,-0.10239999741315842,1.0993000268936157,0.33570000529289246,-0.023600000888109207,0.4799000024795532,0.11879999935626984,-0.8689000010490417,-0.1216999962925911,1.1009999513626099,0.3479999899864197,-0.1720999926328659,0.5182999968528748,0.04780000075697899,-0.8363999724388123,-0.14030000567436218,1.0972000360488892,0.3571999967098236,-0.1720999926328659,0.5182999968528748,0.04780000075697899,-0.8363999724388123,-0.0706000030040741,1.0322999954223633,0.3140000104904175,0.3833000063896179,0.3546000123023987,0.47540000081062317,-0.7080000042915344,-0.07609999924898148,1.0670000314712524,0.3319000005722046,0.2167000025510788,0.4740999937057495,0.2615000009536743,-0.8123000264167786,-0.09350000321865082,1.0829999446868896,0.3440999984741211,-0.03310000151395798,0.5113999843597412,0.1876000016927719,-0.8379999995231628,-0.1088000014424324,1.0853999853134155,0.352400004863739,-0.11869999766349792,0.5697000026702881,0.12849999964237213,-0.8029999732971191,-0.1266999989748001,1.0856000185012817,0.3587000072002411,-0.11869999766349792,0.5697000026702881,0.12849999964237213,-0.8029999732971191
1771636679.949544,680,2506,3072.0,3072.0,3072.0,3072.0,3072.0,3072.0,3072.0,3072.0,2540.0,2624.0,2563.0,2418.0,2446.0,2583.0,2540.0,2650.0,3072.0,3072.0,3072.0,3072.0,3072.0,3072.0,3072.0,3072.0,2446.0,2685.0,2136.0,2697.0,2641.0,2643.0,2641.0,2703.0,3049.0,3072.0,3072.0,3072.0,3072.0,3072.0,3072.0,3072.0,2653.0,2950.0,2083.0,2706.0,2695.0,2706.0,2764.0,2641.0,3059.0,3072.0,2021.0,3072.0,3072.0,3072.0,3072.0,3072.0,3034.0,3032.0,2988.0,2706.0,2641.0,2706.0,2703.0,2703.0,3052.0,3072.0,2742.0,3072.0,3072.0,3072.0,3072.0,3072.0,2434.0,3072.0,3072.0,2470.0,2492.0,2513.0,2590.0,2580.0,3067.0,3065.0,3072.0,2927.0,3072.0,2542.0,2952.0,3001.0,2856.0,3072.0,3072.0,3064.0,2641.0,2706.0,2590.0,2590.0,3072.0,3072.0,3072.0,3072.0,3072.0,3072.0,3069.0,3072.0,2641.0,3072.0,3070.0,3063.0,2633.0,2706.0,2590.0,2641.0,3072.0,3072.0,3072.0,3072.0,3072.0,3072.0,3062.0,3060.0,2247.0,2818.0,2889.0,3066.0,2130.0,2273.0,2358.0,2492.0,3072.0,3068.0,3072.0,3072.0,3072.0,3011.0,3052.0,3059.0,3072.0,3072.0,3072.0,3069.0,2695.0,2706.0,2641.0,2641.0,2685.0,3028.0,2956.0,3072.0,3072.0,2934.0,3072.0,3035.0,3072.0,3072.0,3072.0,3066.0,2641.0,2706.0,2695.0,2695.0,3072.0,3072.0,3072.0,3072.0,3072.0,3072.0,3072.0,3072.0,3072.0,3072.0,3072.0,2571.0,2590.0,2633.0,2641.0,2641.0,3072.0,3072.0,3072.0,3072.0,3072.0,3072.0,3072.0,2819.0,3072.0,3072.0,3072.0,2373.0,2540.0,2571.0,2590.0,2641.0,3007.0,2635.0,2538.0,2587.0,3072.0,3072.0,3072.0,3072.0,3072.0,3072.0,3072.0,3072.0,3072.0,3072.0,3072.0,3072.0,3072.0,3072.0,3072.0,3072.0,3072.0,3072.0,3072.0,3072.0,3072.0,3072.0,3072.0,3072.0,3072.0,2758.0,3072.0,3008.0,3072.0,3072.0,3072.0,3072.0,3072.0,3072.0,3072.0,3072.0,3072.0,3072.0,3072.0,3072.0,3072.0,3072.0,3072.0,2443.0,3072.0,3072.0,3072.0,3072.0,3072.0,3072.0,3072.0,3072.0,3072.0,3072.0,3072.0,3072.0,3072.0,2939.0,2285.0,1688.0,-0.4521999955177307,0.8841999769210815,0.19580000638961792,0.5426999926567078,0.005799999926239252,-0.45190000534057617,-0.7080000042915344,-0.47909998893737793,0.932699978351593,0.22519999742507935,0.5426999926567078,0.005799999926239252,-0.45190000534057617,-0.7080000042915344,-0.4426000118255615,0.9265999794006348,0.21529999375343323,0.46810001134872437,0.11550000309944153,0.36719998717308044,-0.7954000234603882,-0.4375999867916107,0.9521999955177307,0.23180000483989716,0.1923999935388565,0.225600004196167,0.22439999878406525,-0.9283000230789185,-0.44830000400543213,0.9670000076293945,0.2583000063896179,-0.08910000324249268,0.2574999928474426,0.2295999974012375,-0.9344000220298767,-0.46059998869895935,0.9670000076293945,0.2782000005245209,-0.08910000324249268,0.2574999928474426,0.2295999974012375,-0.9344000220298767,-0.453000009059906,0.9222000241279602,0.21199999749660492,0.5426999926567078,0.005799999926239252,-0.45190000534057617,-0.7080000042915344,-0.48010000586509705,0.9684000015258789,0.22789999842643738,0.38679999113082886,-0.08100000023841858,-0.4059999883174896,-0.8240000009536743,-0.48660001158714294,0.9937000274658203,0.25270000100135803,0.27889999747276306,-0.1370999962091446,-0.41609999537467957,-0.8546000123023987,-0.48660001158714294,1.0074000358581543,0.27140000462532043,0.27970001101493835,-0.11219999939203262,-0.43939998745918274,-0.8461999893188477,-0.4887000024318695,1.0197999477386475,0.28850001096725464,0.27970001101493835,-0.11219999939203262,-0.43939998745918274,-0.8461999893188477,-0.46309998631477356,0.9107000231742859,0.21610000729560852,0.5426999926567078,0.005799999926239252,-0.45190000534057617,-0.7080000042915344,-0.4950999915599823,0.9546999931335449,0.23430000245571136,0.10270000249147415,-0.19779999554157257,-0.44749999046325684,-0.866100013256073,-0.48489999771118164,0.9692000150680542,0.2711000144481659,-0.5943999886512756,-0.4754999876022339,-0.14820000529289246,-0.6313999891281128,-0.4645000100135803,0.9531999826431274,0.2669000029563904,-0.882099986076355,-0.4357999861240387,0.07169999927282333,-0.1639000028371811,-0.4634999930858612,0.9440000057220459,0.24500000476837158,-0.882099986076355,-0.4357999861240387,0.07169999927282333,-0.1639000028371811,-0.47350001335144043,0.9003000259399414,0.2206999957561493,0.5426999926567078,0.005799999926239252,-0.45190000534057617,-0.7080000042915344,-0.5001999735832214,0.9379000067710876,0.24330000579357147,0.01759999990463257,-0.26260000467300415,-0.46799999475479126,-0.8435999751091003,-0.4844000041484833,0.9480999708175659,0.275299996137619,-0.5950000286102295,-0.5379999876022339,-0.17020000517368317,-0.5723999738693237,-0.46369999647140503,0.9355000257492065,0.2680000066757202,-0.819599986076355,-0.5430999994277954,0.11230000108480453,-0.1437000036239624,-0.46299999952316284,0.9265000224113464,0.2467000037431717,-0.819599986076355,-0.5430999994277954,0.11230000108480453,-0.1437000036239624,-0.4756999909877777,0.8948000073432922,0.22660000622272491,0.45019999146461487,-0.015699999406933784,-0.6603000164031982,-0.6008999943733215,-0.5006999969482422,0.9192000031471252,0.2524000108242035,-0.009399999864399433,-0.34630000591278076,-0.5105999708175659,-0.786899983882904,-0.484499990940094,0.929099977016449,0.27459999918937683,-0.5723999738693237,-0.5942000150680542,-0.2076999992132187,-0.5254999995231628,-0.46779999136924744,0.9222999811172485,0.26759999990463257,-0.7501999735832214,-0.6394000053405762,0.1039000004529953,-0.13269999623298645,-0.46630001068115234,0.9154000282287598,0.24799999594688416,-0.7501999735832214,-0.6394000053405762,0.1039000004529953,-0.13269999623298645,-0.07000000029802322,1.0085999965667725,0.2865999937057495,0.5254999995231628,0.3555000126361847,0.26980000734329224,-0.724399983882904,-0.08749999850988388,1.0615999698638916,0.30059999227523804,0.5254999995231628,0.3555000126361847,0.26980000734329224,-0.724399983882904,-0.10509999841451645,1.0341999530792236,0.29089999198913574,0.48829999566078186,0.15389999747276306,-0.6482999920845032,-0.5636000037193298,-0.12790000438690186,1.044100046157837,0.3043000102043152,0.44749999046325684,0.08730000257492065,-0.5814999938011169,-0.673799991607666,-0.14669999480247498,1.058899998664856,0.3215000033378601,0.5120999813079834,0.1898999959230423,-0.6460000276565552,-0.53329998254776,-0.1656000018119812,1.065500020980835,0.32919999957084656,0.5120999813079834,0.1898999959230423,-0.6460000276565552,-0.53329998254776,-0.09480000287294388,1.0369999408721924,0.28940001130104065,0.5254999995231628,0.3555000126361847,0.26980000734329224,-0.724399983882904,-0.10649999976158142,1.0865999460220337,0.29010000824928284,0.30079999566078186,0.38510000705718994,0.1420000046491623,-0.8608999848365784,-0.12559999525547028,1.107300043106079,0.3073999881744385,0.047200001776218414,0.41690000891685486,0.055399999022483826,-0.906000018119812,-0.14139999449253082,1.1101000308990479,0.32109999656677246,-0.040800001472234726,0.3986000120639801,0.03500000014901161,-0.9156000018119812,-0.15549999475479126,1.1101000308990479,0.3346000015735626,-0.040800001472234726,0.3986000120639801,0.03500000014901161,-0.9156000018119812,-0.08320000022649765,1.0360000133514404,0.29829999804496765,0.5254999995231628,0.3555000126361847,0.26980000734329224,-0.724399983882904,-0.09179999679327011,1.0872999429702759,0.3028999865055084,0.288100004196167,0.4032999873161316,0.18529999256134033,-0.8485000133514404,-0.11339999735355377,1.1110999584197998,0.32190001010894775,-0.01140000019222498,0.4449999928474426,0.053700000047683716,-0.8938000202178955,-0.13249999284744263,1.111799955368042,0.33640000224113464,-0.14730000495910645,0.4512999951839447,0.04740000143647194,-0.8788999915122986,-0.14990000426769257,1.1080000400543213,0.34880000352859497,-0.14730000495910645,0.4512999951839447,0.04740000143647194,-0.8788999915122986,-0.0731000006198883,1.035599946975708,0.3059000074863434,0.5254999995231628,0.3555000126361847,0.26980000734329224,-0.724399983882904,-0.08299999684095383,1.080199956893921,0.31700000166893005,0.2630999982357025,0.41589999198913574,0.2287999987602234,-0.839900016784668,-0.10260000079870224,1.1016000509262085,0.3345000147819519,-0.023900000378489494,0.48260000348091125,0.12049999833106995,-0.8672000169754028,-0.12210000306367874,1.1033999919891357,0.3467999994754791,-0.17249999940395355,0.5212000012397766,0.048700001090765,-0.8343999981880188,-0.14090000092983246,1.0995999574661255,0.35589998960494995,-0.17249999940395355,0.5212000012397766,0.048700001090765,-0.8343999981880188,-0.07100000232458115,1.034000039100647,0.31299999356269836,0.383899986743927,0.3562000095844269,0.47839999198913574,-0.7049000263214111,-0.07639999687671661,1.069100022315979,0.33090001344680786,0.2184000015258789,0.47609999775886536,0.26420000195503235,-0.8098000288009644,-0.09390000253915787,1.0851999521255493,0.34299999475479126,-0.03150000050663948,0.5142999887466431,0.18930000066757202,-0.8359000086784363,-0.10930000245571136,1.0878000259399414,0.3513000011444092,-0.11699999868869781,0.5727999806404114,0.12960000336170197,-0.8008999824523926,-0.1273999959230423,1.0880999565124512,0.35749998688697815,-0.11699999868869781,0.5727999806404114,0.12960000336170197,-0.8008999824523926
1771636679.993262,722,2391,3072.0,3072.0,3072.0,3072.0,3072.0,3072.0,3072.0,3072.0,2540.0,2463.0,2392.0,2418.0,2503.0,2583.0,2540.0,2590.0,3072.0,3072.0,3072.0,3072.0,3072.0,3072.0,3072.0,3072.0,2389.0,2521.0,2177.0,2772.0,2641.0,2643.0,2703.0,2641.0,3038.0,3072.0,3072.0,3072.0,3072.0,3072.0,3072.0,3072.0,2560.0,2730.0,2064.0,2633.0,2695.0,2706.0,2703.0,2641.0,3059.0,3072.0,2101.0,3072.0,3072.0,3072.0,3072.0,3072.0,3047.0,3032.0,3000.0,2706.0,2580.0,2706.0,2703.0,2703.0,3052.0,3072.0,2523.0,3072.0,3072.0,3072.0,3072.0,3072.0,2434.0,3072.0,3072.0,2470.0,2492.0,2583.0,2650.0,2641.0,3067.0,3072.0,3072.0,2918.0,3061.0,2542.0,2925.0,2983.0,2872.0,3072.0,3072.0,3064.0,2641.0,2633.0,2590.0,2590.0,3072.0,3072.0,3072.0,3072.0,3072.0,3072.0,3072.0,3072.0,2887.0,3072.0,3070.0,3066.0,2758.0,2852.0,2710.0,2826.0,3072.0,3072.0,3072.0,3072.0,3072.0,3072.0,3064.0,3058.0,2322.0,2869.0,2746.0,3066.0,2180.0,2396.0,2468.0,2608.0,3072.0,3072.0,3072.0,3072.0,3072.0,3011.0,3058.0,3060.0,3072.0,3072.0,3072.0,3066.0,2821.0,2852.0,2764.0,2826.0,2680.0,3018.0,2920.0,3072.0,3072.0,3057.0,3072.0,3031.0,3072.0,3072.0,3072.0,3066.0,2703.0,2925.0,2883.0,2821.0,3072.0,3072.0,3072.0,3072.0,3072.0,3072.0,3072.0,3072.0,3072.0,3072.0,3072.0,2571.0,2590.0,2633.0,2641.0,2641.0,3072.0,3072.0,3072.0,3072.0,3072.0,3072.0,3072.0,2819.0,3072.0,3072.0,3072.0,2443.0,2540.0,2571.0,2650.0,2641.0,2961.0,2737.0,2584.0,2629.0,3072.0,3072.0,3072.0,3072.0,3072.0,3072.0,3072.0,3072.0,3072.0,2839.0,3072.0,3072.0,3072.0,3072.0,3072.0,3072.0,3072.0,3072.0,3072.0,3072.0,3072.0,3072.0,3072.0,3072.0,3072.0,2531.0,3072.0,2512.0,3072.0,3072.0,3072.0,3072.0,3072.0,3072.0,3072.0,3072.0,3072.0,3072.0,3072.0,3072.0,3072.0,3072.0,3072.0,2319.0,3072.0,3072.0,3072.0,3072.0,3072.0,3072.0,3072.0,3072.0,3072.0,3072.0,3072.0,3072.0,3072.0,2816.0,1877.0,1370.0,-0.4564000070095062,0.8798999786376953,0.188400000333786,0.5458999872207642,0.026000000536441803,-0.44909998774528503,-0.7067999839782715,-0.4851999878883362,0.9275000095367432,0.21739999949932098,0.5458999872207642,0.026000000536441803,-0.44909998774528503,-0.7067999839782715,-0.448199987411499,0.9221000075340271,0.2087000012397766,0.45500001311302185,0.13169999420642853,0.3686000108718872,-0.7998999953269958,-0.44440001249313354,0.9476000070571899,0.2257000058889389,0.179299995303154,0.2425999939441681,0.22020000219345093,-0.9276000261306763,-0.4562999904155731,0.9617000222206116,0.25200000405311584,-0.11079999804496765,0.27379998564720154,0.21729999780654907,-0.930400013923645,-0.46950000524520874,0.9609000086784363,0.27129998803138733,-0.11079999804496765,0.27379998564720154,0.21729999780654907,-0.930400013923645,-0.45840001106262207,0.9175999760627747,0.20499999821186066,0.5458999872207642,0.026000000536441803,-0.44909998774528503,-0.7067999839782715,-0.4869999885559082,0.9629999995231628,0.22050000727176666,0.38609999418258667,-0.061799999326467514,-0.4074999988079071,-0.8252000212669373,-0.49459999799728394,0.9878000020980835,0.24549999833106995,0.2777999937534332,-0.1185000017285347,-0.41990000009536743,-0.85589998960495,-0.4952999949455261,1.001099944114685,0.26440000534057617,0.27869999408721924,-0.09359999746084213,-0.44290000200271606,-0.847000002861023,-0.498199999332428,1.013100028038025,0.2816999852657318,0.27869999408721924,-0.09359999746084213,-0.44290000200271606,-0.847000002861023,-0.4684999883174896,0.9059000015258789,0.2085999995470047,0.5458999872207642,0.026000000536441803,-0.44909998774528503,-0.7067999839782715,-0.5019000172615051,0.9490000009536743,0.22609999775886536,0.11159999668598175,-0.17640000581741333,-0.4562000036239624,-0.8650000095367432,-0.4936000108718872,0.9635000228881836,0.26339998841285706,-0.5895000100135803,-0.4690000116825104,-0.16859999299049377,-0.635699987411499,-0.47279998660087585,0.9480000138282776,0.259799987077713,-0.8802000284194946,-0.44179999828338623,0.05270000174641609,-0.16500000655651093,-0.4708000123500824,0.9391999840736389,0.2379000037908554,-0.8802000284194946,-0.44179999828338623,0.05270000174641609,-0.16500000655651093,-0.4787999987602234,0.8952000141143799,0.2126999944448471,0.5458999872207642,0.026000000536441803,-0.44909998774528503,-0.7067999839782715,-0.5069000124931335,0.9319999814033508,0.23479999601840973,0.02590000070631504,-0.24320000410079956,-0.4781999886035919,-0.843500018119812,-0.4927000105381012,0.9422000050544739,0.26739999651908875,-0.5891000032424927,-0.5324000120162964,-0.19020000100135803,-0.5773000121116638,-0.4715000092983246,0.9301999807357788,0.26080000400543213,-0.8167999982833862,-0.5493000149726868,0.09290000051259995,-0.15000000596046448,-0.4699000120162964,0.9214000105857849,0.2393999993801117,-0.8167999982833862,-0.5493000149726868,0.09290000051259995,-0.15000000596046448,-0.4810999929904938,0.8896999955177307,0.2184000015258789,0.4578999876976013,0.0031999999191612005,-0.6582000255584717,-0.597599983215332,-0.5073999762535095,0.9132000207901001,0.243599995970726,-0.0010000000474974513,-0.32910001277923584,-0.5202999711036682,-0.7879999876022339,-0.49219998717308044,0.9232000112533569,0.26649999618530273,-0.5654000043869019,-0.5888000130653381,-0.22679999470710754,-0.5311999917030334,-0.47519999742507935,0.916700005531311,0.26010000705718994,-0.746399998664856,-0.6446999907493591,0.08529999852180481,-0.1412000060081482,-0.47290000319480896,0.910099983215332,0.24040000140666962,-0.746399998664856,-0.6446999907493591,0.08529999852180481,-0.1412000060081482,-0.07039999961853027,1.009600043296814,0.28529998660087585,0.5260999798774719,0.35499998927116394,0.2718999981880188,-0.7232999801635742,-0.08789999783039093,1.062999963760376,0.2992999851703644,0.5260999798774719,0.35499998927116394,0.2718999981880188,-0.7232999801635742,-0.10570000112056732,1.0355000495910645,0.28940001130104065,0.491100013256073,0.15459999442100525,-0.6456999778747559,-0.5638999938964844,-0.12860000133514404,1.0456000566482544,0.3027999997138977,0.44679999351501465,0.08560000360012054,-0.5794000029563904,-0.6762999892234802,-0.14740000665187836,1.0605000257492065,0.32010000944137573,0.5120000243186951,0.188400000333786,-0.6442999839782715,-0.5358999967575073,-0.1662999987602234,1.067199945449829,0.3278000056743622,0.5120000243186951,0.188400000333786,-0.6442999839782715,-0.5358999967575073,-0.09529999643564224,1.0383000373840332,0.2879999876022339,0.5260999798774719,0.35499998927116394,0.2718999981880188,-0.7232999801635742,-0.10679999738931656,1.0881999731063843,0.2888000011444092,0.29490000009536743,0.384799987077713,0.1428000032901764,-0.8629000186920166,-0.12600000202655792,1.1087000370025635,0.30630001425743103,0.03959999978542328,0.41679999232292175,0.05570000037550926,-0.9064000248908997,-0.1420000046491623,1.111199975013733,0.32010000944137573,-0.04830000177025795,0.3984000086784363,0.03519999980926514,-0.9153000116348267,-0.15610000491142273,1.1109000444412231,0.3337000012397766,-0.04830000177025795,0.3984000086784363,0.03519999980926514,-0.9153000116348267,-0.08370000123977661,1.0371999740600586,0.296999990940094,0.5260999798774719,0.35499998927116394,0.2718999981880188,-0.7232999801635742,-0.09210000187158585,1.0887999534606934,0.30160000920295715,0.2854999899864197,0.4034999907016754,0.1868000030517578,-0.8489999771118164,-0.11379999667406082,1.1125999689102173,0.3208000063896179,-0.01730000041425228,0.44589999318122864,0.05339999869465828,-0.8932999968528748,-0.13300000131130219,1.1130000352859497,0.3352999985218048,-0.15379999577999115,0.45179998874664307,0.04659999907016754,-0.8774999976158142,-0.15049999952316284,1.1088999509811401,0.34769999980926514,-0.15379999577999115,0.45179998874664307,0.04659999907016754,-0.8774999976158142,-0.07349999994039536,1.0368000268936157,0.30469998717308044,0.5260999798774719,0.35499998927116394,0.2718999981880188,-0.7232999801635742,-0.08330000191926956,1.0815999507904053,0.3158000111579895,0.2639999985694885,0.4154999852180481,0.23180000483989716,-0.8389999866485596,-0.10289999842643738,1.1031999588012695,0.33340001106262207,-0.028999999165534973,0.48410001397132874,0.11999999731779099,-0.8662999868392944,-0.12250000238418579,1.1047999858856201,0.3456999957561493,-0.17870000004768372,0.5224999785423279,0.04749999940395355,-0.8324000239372253,-0.14139999449253082,1.1008000373840332,0.3546000123023987,-0.17870000004768372,0.5224999785423279,0.04749999940395355,-0.8324000239372253,-0.07150000333786011,1.0351999998092651,0.3118000030517578,0.38440001010894775,0.35600000619888306,0.48030000925064087,-0.7034000158309937,-0.07670000195503235,1.0703999996185303,0.329800009727478,0.22030000388622284,0.4758000075817108,0.2671000063419342,-0.8084999918937683,-0.094200000166893,1.0867999792099,0.3418999910354614,-0.03189999982714653,0.515500009059906,0.1907999962568283,-0.8348000049591064,-0.10970000177621841,1.0893000364303589,0.35019999742507935,-0.11789999902248383,0.5741000175476074,0.13050000369548798,-0.7997000217437744,-0.12790000438690186,1.0896999835968018,0.3564000129699707,-0.11789999902248383,0.5741000175476074,0.13050000369548798,-0.7997000217437744
1771636680.033286,764,2139,3072.0,3072.0,3072.0,3072.0,3072.0,3072.0,3072.0,3072.0,2599.0,2202.0,1951.0,2418.0,2389.0,2583.0,2540.0,2590.0,3072.0,3072.0,3072.0,3072.0,3072.0,3072.0,3072.0,3072.0,2389.0,2403.0,1819.0,2772.0,2641.0,2643.0,2703.0,2641.0,3060.0,3072.0,3072.0,3072.0,3072.0,3072.0,3072.0,3072.0,2606.0,2650.0,1812.0,2706.0,2695.0,2706.0,2703.0,2641.0,3056.0,3072.0,1859.0,3072.0,3072.0,3072.0,3072.0,3072.0,3009.0,3001.0,2985.0,2706.0,2641.0,2706.0,2703.0,2703.0,3054.0,3072.0,2304.0,3072.0,3072.0,3072.0,3072.0,3072.0,2434.0,3072.0,3072.0,2470.0,2492.0,2513.0,2590.0,2641.0,3067.0,3072.0,3072.0,2871.0,3063.0,2542.0,2886.0,2962.0,2841.0,3072.0,3072.0,3064.0,2641.0,2633.0,2650.0,2590.0,3072.0,3072.0,3072.0,3072.0,3072.0,3072.0,3069.0,3072.0,2641.0,3072.0,3069.0,3063.0,2633.0,2706.0,2590.0,2641.0,3072.0,3072.0,3072.0,3072.0,3072.0,3072.0,3063.0,3051.0,1948.0,2884.0,2746.0,3065.0,2130.0,2273.0,2358.0,2492.0,3072.0,3068.0,3072.0,3072.0,3072.0,2980.0,3058.0,3057.0,3072.0,3072.0,3072.0,3066.0,2695.0,2706.0,2641.0,2641.0,2765.0,3012.0,2817.0,3072.0,3072.0,3072.0,3072.0,3033.0,3072.0,3072.0,3072.0,3064.0,2641.0,2706.0,2758.0,2695.0,3072.0,3072.0,3072.0,3072.0,3072.0,3072.0,3072.0,3072.0,3072.0,3072.0,3072.0,2643.0,2650.0,2706.0,2641.0,2641.0,3072.0,3072.0,3072.0,3072.0,3072.0,3072.0,3072.0,2893.0,3072.0,3072.0,3072.0,2443.0,2540.0,2571.0,2650.0,2641.0,2991.0,2732.0,2619.0,2669.0,3072.0,3072.0,3072.0,3072.0,3072.0,3072.0,3072.0,3072.0,3072.0,2489.0,3072.0,3052.0,3072.0,3072.0,3072.0,3072.0,3072.0,3072.0,3072.0,3072.0,3072.0,3072.0,3072.0,3072.0,3072.0,2496.0,3072.0,2617.0,3072.0,3072.0,3072.0,3072.0,3072.0,3072.0,3072.0,3072.0,3072.0,3072.0,3072.0,3072.0,3072.0,3072.0,3045.0,1786.0,3072.0,3072.0,3072.0,3072.0,3072.0,3072.0,3072.0,3072.0,3072.0,3072.0,3072.0,3072.0,3072.0,2721.0,1781.0,1351.0,-0.4602999985218048,0.8755000233650208,0.18240000307559967,0.5446000099182129,0.05480000004172325,-0.4408999979496002,-0.7113999724388123,-0.4912000000476837,0.921500027179718,0.21140000224113464,0.5446000099182129,0.05480000004172325,-0.4408999979496002,-0.7113999724388123,-0.453900009393692,0.9169999957084656,0.20440000295639038,0.4311000108718872,0.1509000062942505,0.37450000643730164,-0.8069000244140625,-0.4514000117778778,0.9419999718666077,0.2223999947309494,0.15700000524520874,0.2644999921321869,0.21979999542236328,-0.9258000254631042,-0.4648999869823456,0.9549999833106995,0.2484000027179718,-0.13089999556541443,0.29249998927116394,0.21080000698566437,-0.9235000014305115,-0.4788999855518341,0.9534000158309937,0.2669999897480011,-0.13089999556541443,0.29249998927116394,0.21080000698566437,-0.9235000014305115,-0.46380001306533813,0.9125000238418579,0.20010000467300415,0.5446000099182129,0.05480000004172325,-0.4408999979496002,-0.7113999724388123,-0.4936999976634979,0.9569000005722046,0.21559999883174896,0.3817000091075897,-0.032099999487400055,-0.4058000147342682,-0.829800009727478,-0.5029000043869019,0.9805999994277954,0.2409999966621399,0.2743000090122223,-0.08839999884366989,-0.4219000041484833,-0.8596000075340271,-0.5047000050544739,0.9932000041007996,0.26019999384880066,0.275299996137619,-0.06350000202655792,-0.44440001249313354,-0.8500999808311462,-0.5085999965667725,1.0045000314712524,0.2777999937534332,0.275299996137619,-0.06350000202655792,-0.44440001249313354,-0.8500999808311462,-0.47369998693466187,0.9004999995231628,0.20280000567436218,0.5446000099182129,0.05480000004172325,-0.4408999979496002,-0.7113999724388123,-0.5085999965667725,0.9424999952316284,0.22010000050067902,0.11680000275373459,-0.14309999346733093,-0.4643000066280365,-0.8661999702453613,-0.5029000043869019,0.9560999870300293,0.257999986410141,-0.5855000019073486,-0.45350000262260437,-0.20000000298023224,-0.6414999961853027,-0.48159998655319214,0.9412000179290771,0.2554999887943268,-0.878000020980835,-0.447299987077713,0.01759999990463257,-0.16979999840259552,-0.4781000018119812,0.9330000281333923,0.23350000381469727,-0.878000020980835,-0.447299987077713,0.01759999990463257,-0.16979999840259552,-0.48410001397132874,0.8895999789237976,0.20600000023841858,0.5446000099182129,0.05480000004172325,-0.4408999979496002,-0.7113999724388123,-0.5138000249862671,0.9251000285148621,0.22789999842643738,0.030300000682473183,-0.21170000731945038,-0.4893999993801117,-0.8453999757766724,-0.5016000270843506,0.9347000122070312,0.2615000009536743,-0.5864999890327454,-0.51910001039505,-0.22010000050067902,-0.5813999772071838,-0.4799000024795532,0.9232000112533569,0.2556999921798706,-0.8156999945640564,-0.5543000102043152,0.06069999933242798,-0.15399999916553497,-0.47699999809265137,0.9151999950408936,0.23430000245571136,-0.8156999945640564,-0.5543000102043152,0.06069999933242798,-0.15399999916553497,-0.48649999499320984,0.8838000297546387,0.21140000224113464,0.4636000096797943,0.032099999487400055,-0.6514999866485596,-0.5996999740600586,-0.5142999887466431,0.9060999751091003,0.23600000143051147,0.0034000000450760126,-0.29989999532699585,-0.5321999788284302,-0.791700005531311,-0.5005999803543091,0.9156000018119812,0.2599000036716461,-0.5615000128746033,-0.5756999850273132,-0.25619998574256897,-0.536300003528595,-0.4830999970436096,0.909600019454956,0.25429999828338623,-0.7444999814033508,-0.6486999988555908,0.053700000047683716,-0.14800000190734863,-0.4796000123023987,0.9036999940872192,0.2345999926328659,-0.7444999814033508,-0.6486999988555908,0.053700000047683716,-0.14800000190734863,-0.07109999656677246,1.0104000568389893,0.2840000092983246,0.5267999768257141,0.35359999537467957,0.2743000090122223,-0.7226999998092651,-0.08839999884366989,1.0642000436782837,0.29809999465942383,0.5267999768257141,0.35359999537467957,0.2743000090122223,-0.7226999998092651,-0.10649999976158142,1.0365999937057495,0.2879999876022339,0.4941999912261963,0.1559000015258789,-0.6424000263214111,-0.5645999908447266,-0.12960000336170197,1.0469000339508057,0.3012000024318695,0.44909998774528503,0.08709999918937683,-0.576200008392334,-0.677299976348877,-0.148499995470047,1.062000036239624,0.31850001215934753,0.5149999856948853,0.18960000574588776,-0.6410999894142151,-0.5364000201225281,-0.16760000586509705,1.0688999891281128,0.3260999917984009,0.5149999856948853,0.18960000574588776,-0.6410999894142151,-0.5364000201225281,-0.09600000083446503,1.0393999814987183,0.2867000102996826,0.5267999768257141,0.35359999537467957,0.2743000090122223,-0.7226999998092651,-0.10719999670982361,1.0896999835968018,0.28760001063346863,0.2874999940395355,0.38359999656677246,0.14419999718666077,-0.8657000064849854,-0.1265999972820282,1.1100000143051147,0.30559998750686646,0.02969999983906746,0.41600000858306885,0.05649999901652336,-0.9071000218391418,-0.14270000159740448,1.1121000051498413,0.31949999928474426,-0.05820000171661377,0.39739999175071716,0.03579999879002571,-0.9150999784469604,-0.15690000355243683,1.1115000247955322,0.33309999108314514,-0.05820000171661377,0.39739999175071716,0.03579999879002571,-0.9150999784469604,-0.08429999649524689,1.0383000373840332,0.2957000136375427,0.5267999768257141,0.35359999537467957,0.2743000090122223,-0.7226999998092651,-0.09239999949932098,1.0901999473571777,0.3005000054836273,0.2824000120162964,0.40310001373291016,0.188400000333786,-0.8499000072479248,-0.11429999768733978,1.1139999628067017,0.3199000060558319,-0.02710000053048134,0.446399986743927,0.05180000141263008,-0.8928999900817871,-0.13369999825954437,1.1139999628067017,0.3345000147819519,-0.16500000655651093,0.45159998536109924,0.04439999908208847,-0.8756999969482422,-0.15129999816417694,1.1094000339508057,0.3467999994754791,-0.16500000655651093,0.45159998536109924,0.04439999908208847,-0.8756999969482422,-0.07410000264644623,1.0377999544143677,0.3034999966621399,0.5267999768257141,0.35359999537467957,0.2743000090122223,-0.7226999998092651,-0.08370000123977661,1.082900047302246,0.3147999942302704,0.26489999890327454,0.4142000079154968,0.2353000044822693,-0.8384000062942505,-0.10320000350475311,1.1047999858856201,0.33250001072883606,-0.04019999876618385,0.48559999465942383,0.11720000207424164,-0.8652999997138977,-0.12309999763965607,1.1058000326156616,0.3447999954223633,-0.19210000336170197,0.5235000252723694,0.04349999874830246,-0.8289999961853027,-0.1421000063419342,1.101199984550476,0.35359999537467957,-0.19210000336170197,0.5235000252723694,0.04349999874830246,-0.8289999961853027,-0.07199999690055847,1.0361000299453735,0.310699999332428,0.38499999046325684,0.3549000024795532,0.48260000348091125,-0.7020999789237976,-0.0771000012755394,1.0715999603271484,0.328900009393692,0.2231999933719635,0.4740999937057495,0.27129998803138733,-0.8072999715805054,-0.09449999779462814,1.0882999897003174,0.3409999907016754,-0.03539999946951866,0.5166000127792358,0.1915999948978424,-0.8338000178337097,-0.11020000278949738,1.0908000469207764,0.34929999709129333,-0.12250000238418579,0.5755000114440918,0.1306000053882599,-0.7979999780654907,-0.12849999964237213,1.090999960899353,0.3553999960422516,-0.12250000238418579,0.5755000114440918,0.1306000053882599,-0.7979999780654907
1771636680.07518,806,1970,3072.0,3072.0,3072.0,3072.0,3072.0,3072.0,3072.0,3072.0,2599.0,2202.0,1951.0,2418.0,2389.0,2583.0,2540.0,2590.0,3072.0,3072.0,3072.0,3072.0,3072.0,3072.0,3072.0,3072.0,2446.0,2239.0,1328.0,2772.0,2641.0,2643.0,2641.0,2641.0,3049.0,3072.0,3072.0,3072.0,3072.0,3072.0,3072.0,3072.0,2606.0,2650.0,1452.0,2706.0,2695.0,2706.0,2641.0,2641.0,3064.0,3072.0,1940.0,3072.0,3072.0,2779.0,3072.0,3072.0,2997.0,3016.0,2929.0,2706.0,2580.0,2633.0,2641.0,2641.0,3058.0,3072.0,2413.0,3072.0,3072.0,3072.0,3072.0,3072.0,2376.0,3072.0,3072.0,2470.0,2492.0,2513.0,2590.0,2641.0,3067.0,3072.0,3072.0,2967.0,3059.0,2754.0,2912.0,2926.0,2810.0,3072.0,3072.0,3066.0,2641.0,2706.0,2590.0,2590.0,3072.0,3072.0,3072.0,3072.0,3072.0,3072.0,3069.0,3072.0,2641.0,3072.0,3069.0,3063.0,2633.0,2633.0,2590.0,2641.0,3072.0,3072.0,3072.0,3072.0,3072.0,3072.0,3068.0,3058.0,1498.0,2856.0,2743.0,3065.0,2130.0,2273.0,2358.0,2492.0,3072.0,3072.0,3072.0,3070.0,3072.0,2919.0,3058.0,3059.0,3072.0,3072.0,3072.0,3068.0,2695.0,2706.0,2641.0,2641.0,2755.0,3026.0,2876.0,3072.0,3072.0,3010.0,3072.0,3051.0,3072.0,3072.0,3072.0,3064.0,2641.0,2779.0,2695.0,2758.0,3072.0,3072.0,3072.0,3072.0,3072.0,3072.0,3072.0,3072.0,3072.0,3072.0,3065.0,2571.0,2529.0,2706.0,2641.0,2641.0,3072.0,3072.0,3072.0,3072.0,3072.0,3072.0,3072.0,2898.0,3072.0,3072.0,3072.0,2443.0,2481.0,2643.0,2590.0,2641.0,3072.0,2659.0,2639.0,2792.0,3072.0,3072.0,3072.0,3072.0,3072.0,3072.0,3072.0,3072.0,3072.0,2118.0,3072.0,2941.0,3072.0,3072.0,3072.0,3072.0,3072.0,3072.0,3072.0,3072.0,3072.0,3072.0,3072.0,3072.0,3072.0,2353.0,2580.0,2401.0,3072.0,3072.0,3072.0,3072.0,3072.0,3072.0,3072.0,3072.0,3072.0,3072.0,3072.0,3072.0,3072.0,3072.0,2819.0,1599.0,3072.0,3072.0,3072.0,3072.0,3072.0,3072.0,3072.0,3072.0,3072.0,3072.0,3072.0,3072.0,3072.0,2823.0,1778.0,872.0,-0.46470001339912415,0.871399998664856,0.17919999361038208,0.5425999760627747,0.0851999968290329,-0.42719998955726624,-0.7182000279426575,-0.4975000023841858,0.9160000085830688,0.20819999277591705,0.5425999760627747,0.0851999968290329,-0.42719998955726624,-0.7182000279426575,-0.45980000495910645,0.9120000004768372,0.20319999754428864,0.4041999876499176,0.17170000076293945,0.3847000002861023,-0.8119000196456909,-0.45879998803138733,0.9362999796867371,0.22220000624656677,0.13269999623298645,0.2897000014781952,0.22300000488758087,-0.9212999939918518,-0.4740000069141388,0.9483000040054321,0.24770000576972961,-0.15240000188350677,0.31529998779296875,0.2070000022649765,-0.9135000109672546,-0.48910000920295715,0.945900022983551,0.2653000056743622,-0.15240000188350677,0.31529998779296875,0.2070000022649765,-0.9135000109672546,-0.46939998865127563,0.9075999855995178,0.1981000006198883,0.5425999760627747,0.0851999968290329,-0.42719998955726624,-0.7182000279426575,-0.5005000233650208,0.9510999917984009,0.21359999477863312,0.3774000108242035,0.0010000000474974513,-0.39910000562667847,-0.8356000185012817,-0.5113999843597412,0.973800003528595,0.23929999768733978,0.27090001106262207,-0.05429999902844429,-0.4196000099182129,-0.8646000027656555,-0.5145000219345093,0.9855999946594238,0.2587999999523163,0.27250000834465027,-0.02930000051856041,-0.4415000081062317,-0.8543999791145325,-0.5194000005722046,0.9962999820709229,0.27639999985694885,0.27250000834465027,-0.02930000051856041,-0.4415000081062317,-0.8543999791145325,-0.47940000891685486,0.8955000042915344,0.19979999959468842,0.5425999760627747,0.0851999968290329,-0.42719998955726624,-0.7182000279426575,-0.515500009059906,0.9365000128746033,0.21660000085830688,0.11900000274181366,-0.10660000145435333,-0.4675999879837036,-0.8694000244140625,-0.512499988079071,0.9490000009536743,0.25519999861717224,-0.5848000049591064,-0.43209999799728394,-0.23090000450611115,-0.6466000080108643,-0.4909000098705292,0.9344000220298767,0.25369998812675476,-0.8770999908447266,-0.447299987077713,-0.021199999377131462,-0.1737000048160553,-0.48559999465942383,0.926800012588501,0.23190000653266907,-0.8770999908447266,-0.447299987077713,-0.021199999377131462,-0.1737000048160553,-0.48980000615119934,0.8844000101089478,0.20200000703334808,0.5425999760627747,0.0851999968290329,-0.42719998955726624,-0.7182000279426575,-0.5210000276565552,0.9187999963760376,0.22339999675750732,0.03240000084042549,-0.1761000007390976,-0.4966000020503998,-0.8493000268936157,-0.5110999941825867,0.927299976348877,0.257999986410141,-0.5861999988555908,-0.4999000132083893,-0.250900000333786,-0.5860999822616577,-0.48890000581741333,0.9162999987602234,0.2533000111579895,-0.8165000081062317,-0.5547999739646912,0.02410000003874302,-0.15809999406337738,-0.484499990940094,0.9089999794960022,0.23180000483989716,-0.8165000081062317,-0.5547999739646912,0.02410000003874302,-0.15809999406337738,-0.4925000071525574,0.8784000277519226,0.2070000022649765,0.4697999954223633,0.06310000270605087,-0.6399000287055969,-0.6047999858856201,-0.5217999815940857,0.8995000123977661,0.23090000450611115,0.005900000222027302,-0.266400009393692,-0.5410000085830688,-0.7976999878883362,-0.5095999836921692,0.9082000255584717,0.2558000087738037,-0.559499979019165,-0.5566999912261963,-0.2870999872684479,-0.5428000092506409,-0.4918000102043152,0.9025999903678894,0.25110000371932983,-0.744700014591217,-0.6485999822616577,0.016899999231100082,-0.15620000660419464,-0.4869000017642975,0.8974000215530396,0.23149999976158142,-0.744700014591217,-0.6485999822616577,0.016899999231100082,-0.15620000660419464,-0.07150000333786011,1.010699987411499,0.28279998898506165,0.5277000069618225,0.35100001096725464,0.27630001306533813,-0.7225000262260437,-0.0885000005364418,1.0647000074386597,0.296999990940094,0.5277000069618225,0.35100001096725464,0.27630001306533813,-0.7225000262260437,-0.10679999738931656,1.0371999740600586,0.2867000102996826,0.49779999256134033,0.15719999372959137,-0.6388000249862671,-0.5651999711990356,-0.13009999692440033,1.0476000308990479,0.299699991941452,0.45239999890327454,0.08919999748468399,-0.5723999738693237,-0.6779999732971191,-0.14910000562667847,1.0628000497817993,0.31679999828338623,0.5192000269889832,0.19110000133514404,-0.6373000144958496,-0.5364000201225281,-0.16830000281333923,1.0698000192642212,0.32420000433921814,0.5192000269889832,0.19110000133514404,-0.6373000144958496,-0.5364000201225281,-0.09629999846220016,1.0398999452590942,0.2854999899864197,0.5277000069618225,0.35100001096725464,0.27630001306533813,-0.7225000262260437,-0.10719999670982361,1.090399980545044,0.2865999937057495,0.27570000290870667,0.38119998574256897,0.1445000022649765,-0.8705000281333923,-0.1266999989748001,1.1101000308990479,0.3052000105381012,0.014600000344216824,0.41350001096725464,0.05649999901652336,-0.9085999727249146,-0.1428000032901764,1.1117000579833984,0.31929999589920044,-0.07329999655485153,0.39469999074935913,0.0357000008225441,-0.9151999950408936,-0.15700000524520874,1.1104999780654907,0.3330000042915344,-0.07329999655485153,0.39469999074935913,0.0357000008225441,-0.9151999950408936,-0.08460000157356262,1.038699984550476,0.2944999933242798,0.5277000069618225,0.35100001096725464,0.27630001306533813,-0.7225000262260437,-0.09229999780654907,1.0908000469207764,0.2994999885559082,0.2775999903678894,0.4018000066280365,0.18930000066757202,-0.8518999814987183,-0.11429999768733978,1.114400029182434,0.31929999589920044,-0.04190000146627426,0.44589999318122864,0.04830000177025795,-0.892799973487854,-0.13369999825954437,1.113700032234192,0.33379998803138733,-0.18230000138282776,0.4499000012874603,0.04010000079870224,-0.8733000159263611,-0.15129999816417694,1.108299970626831,0.34599998593330383,-0.18230000138282776,0.4499000012874603,0.04010000079870224,-0.8733000159263611,-0.07429999858140945,1.038100004196167,0.30239999294281006,0.5277000069618225,0.35100001096725464,0.27630001306533813,-0.7225000262260437,-0.0835999995470047,1.083400011062622,0.31380000710487366,0.2653999924659729,0.4117000102996826,0.2387000024318695,-0.8385000228881836,-0.10289999842643738,1.1054999828338623,0.33169999718666077,-0.053300000727176666,0.486299991607666,0.11400000005960464,-0.8647000193595886,-0.12290000170469284,1.1059000492095947,0.34389999508857727,-0.2094999998807907,0.5235000252723694,0.03819999843835831,-0.824999988079071,-0.14190000295639038,1.100600004196167,0.352400004863739,-0.2094999998807907,0.5235000252723694,0.03819999843835831,-0.824999988079071,-0.0722000002861023,1.0364999771118164,0.30970001220703125,0.38609999418258667,0.35269999504089355,0.4846999943256378,-0.7010999917984009,-0.0771000012755394,1.0720000267028809,0.3278999924659729,0.22669999301433563,0.47099998593330383,0.2759999930858612,-0.8065999746322632,-0.094200000166893,1.0889999866485596,0.3402000069618225,-0.041200000792741776,0.5170999765396118,0.19179999828338623,-0.8331000208854675,-0.10999999940395355,1.0913000106811523,0.3483999967575073,-0.13040000200271606,0.5763999819755554,0.12950000166893005,-0.7962999939918518,-0.1282999962568283,1.0911999940872192,0.35440000891685486,-0.13040000200271606,0.5763999819755554,0.12950000166893005,-0.7962999939918518
1771636680.116837,847,1643,3072.0,3072.0,3072.0,3072.0,3072.0,3072.0,3072.0,3072.0,2540.0,1831.0,1667.0,2418.0,2446.0,2583.0,2599.0,2590.0,3072.0,3072.0,3072.0,3072.0,3072.0,3072.0,3072.0,3072.0,2389.0,1967.0,1153.0,2772.0,2641.0,2571.0,2703.0,2641.0,3038.0,3072.0,3072.0,3072.0,3072.0,3072.0,3072.0,3072.0,2606.0,2347.0,898.0,2706.0,2695.0,2633.0,2703.0,2641.0,3065.0,3072.0,1940.0,3072.0,3072.0,3072.0,3072.0,3072.0,2997.0,2901.0,2851.0,2706.0,2641.0,2706.0,2703.0,2703.0,3066.0,3072.0,2304.0,3072.0,3072.0,3072.0,3072.0,3072.0,2376.0,3072.0,3072.0,2470.0,2492.0,2513.0,2650.0,2641.0,3069.0,3072.0,3072.0,2983.0,3072.0,2542.0,2912.0,2877.0,2826.0,3072.0,3072.0,3064.0,2641.0,2633.0,2590.0,2590.0,3072.0,3072.0,3072.0,3072.0,3072.0,3072.0,3069.0,3072.0,2580.0,3072.0,3069.0,3063.0,2695.0,2633.0,2590.0,2641.0,3072.0,3072.0,3072.0,3072.0,3072.0,3072.0,3067.0,3058.0,2472.0,2892.0,2795.0,3067.0,2130.0,2211.0,2413.0,2492.0,3072.0,3049.0,3072.0,3072.0,3072.0,3011.0,3054.0,3052.0,3072.0,3072.0,3072.0,3066.0,2633.0,2633.0,2641.0,2641.0,2767.0,2994.0,2887.0,3072.0,3072.0,3072.0,3072.0,3025.0,3072.0,3072.0,3072.0,3066.0,2641.0,2633.0,2695.0,2695.0,3072.0,3072.0,3072.0,3072.0,3072.0,3072.0,3072.0,3072.0,3072.0,3072.0,3072.0,2643.0,2590.0,2706.0,2641.0,2641.0,3072.0,3072.0,3072.0,3072.0,3072.0,3072.0,3072.0,2882.0,3072.0,3072.0,3072.0,2443.0,2481.0,2571.0,2529.0,2641.0,3072.0,2622.0,2745.0,2904.0,3072.0,3072.0,3072.0,3072.0,3072.0,3072.0,3072.0,3072.0,3072.0,1775.0,3072.0,2503.0,3072.0,3072.0,3072.0,3072.0,3072.0,3072.0,3072.0,3072.0,3072.0,3072.0,3072.0,3072.0,3072.0,2295.0,2682.0,1730.0,3072.0,3072.0,3072.0,3072.0,3072.0,3072.0,3072.0,3072.0,3072.0,3072.0,3072.0,3072.0,3072.0,2829.0,2836.0,1301.0,3072.0,3072.0,3072.0,3072.0,3072.0,3072.0,3072.0,3072.0,3072.0,3072.0,3072.0,3072.0,3072.0,2306.0,1434.0,136.0,-0.46970000863075256,0.8687999844551086,0.17749999463558197,0.5419999957084656,0.09830000251531601,-0.41850000619888306,-0.722100019454956,-0.5031999945640564,0.9128999710083008,0.20640000700950623,0.5419999957084656,0.09830000251531601,-0.41850000619888306,-0.722100019454956,-0.46549999713897705,0.9089000225067139,0.20239999890327454,0.3919999897480011,0.1834000051021576,0.390500009059906,-0.8125,-0.4652999937534332,0.9329000115394592,0.22169999778270721,0.12269999831914902,0.3034999966621399,0.22509999573230743,-0.9176999926567078,-0.4812999963760376,0.9445000290870667,0.24690000712871552,-0.1607999950647354,0.3280999958515167,0.20520000159740448,-0.9079999923706055,-0.4968999922275543,0.9419000148773193,0.2639999985694885,-0.1607999950647354,0.3280999958515167,0.20520000159740448,-0.9079999923706055,-0.4749999940395355,0.9046000242233276,0.19689999520778656,0.5419999957084656,0.09830000251531601,-0.41850000619888306,-0.722100019454956,-0.5063999891281128,0.9478999972343445,0.21230000257492065,0.3752000033855438,0.01549999974668026,-0.39340001344680786,-0.8392000198364258,-0.5178999900817871,0.9700999855995178,0.23810000717639923,0.26919999718666077,-0.03889999911189079,-0.415800005197525,-0.8677999973297119,-0.5214999914169312,0.9815999865531921,0.25769999623298645,0.27129998803138733,-0.013799999840557575,-0.4374000132083893,-0.857200026512146,-0.5268999934196472,0.9919000267982483,0.2754000127315521,0.27129998803138733,-0.013799999840557575,-0.4374000132083893,-0.857200026512146,-0.48500001430511475,0.8924999833106995,0.1981000006198883,0.5419999957084656,0.09830000251531601,-0.41850000619888306,-0.722100019454956,-0.521399974822998,0.9332000017166138,0.21469999849796295,0.12129999697208405,-0.08889999985694885,-0.4666000008583069,-0.8715999722480774,-0.5198000073432922,0.9452000260353088,0.2535000145435333,-0.5842000246047974,-0.4196000099182129,-0.24420000612735748,-0.6503999829292297,-0.49810001254081726,0.9307000041007996,0.2526000142097473,-0.8769999742507935,-0.4447000026702881,-0.03999999910593033,-0.17759999632835388,-0.492000013589859,0.9233999848365784,0.23090000450611115,-0.8769999742507935,-0.4447000026702881,-0.03999999910593033,-0.17759999632835388,-0.49549999833106995,0.8813999891281128,0.19979999959468842,0.5419999957084656,0.09830000251531601,-0.41850000619888306,-0.722100019454956,-0.5271000266075134,0.9154999852180481,0.22100000083446503,0.03480000048875809,-0.1582999974489212,-0.4977000057697296,-0.8521000146865845,-0.5184000134468079,0.9235000014305115,0.25600001215934753,-0.5856000185012817,-0.48840001225471497,-0.26460000872612,-0.5903000235557556,-0.4961000084877014,0.9125999808311462,0.25189998745918274,-0.8173999786376953,-0.5526999831199646,0.005900000222027302,-0.1623000055551529,-0.4909000098705292,0.9056000113487244,0.2304999977350235,-0.8173999786376953,-0.5526999831199646,0.005900000222027302,-0.1623000055551529,-0.498199999332428,0.8752999901771545,0.20469999313354492,0.4731000065803528,0.07660000026226044,-0.6324999928474426,-0.6085000038146973,-0.5281000137329102,0.8960000276565552,0.2281000018119812,0.006800000090152025,-0.2502000033855438,-0.5428000092506409,-0.8016999959945679,-0.516700029373169,0.9042999744415283,0.2535000145435333,-0.5582000017166138,-0.5450999736785889,-0.30140000581741333,-0.5480999946594238,-0.49869999289512634,0.8988000154495239,0.2493000030517578,-0.745199978351593,-0.646399974822998,-0.003000000026077032,-0.16410000622272491,-0.49309998750686646,0.8938999772071838,0.22990000247955322,-0.745199978351593,-0.646399974822998,-0.003000000026077032,-0.16410000622272491,-0.07199999690055847,1.010699987411499,0.2818000018596649,0.5285000205039978,0.3481999933719635,0.27730000019073486,-0.7228999733924866,-0.08869999647140503,1.0649000406265259,0.296099990606308,0.5285000205039978,0.3481999933719635,0.27730000019073486,-0.7228999733924866,-0.10719999670982361,1.037500023841858,0.2854999899864197,0.501800000667572,0.15880000591278076,-0.6352999806404114,-0.5651000142097473,-0.1307000070810318,1.0479999780654907,0.29829999804496765,0.45590001344680786,0.09139999747276306,-0.5688999891281128,-0.6783000230789185,-0.14990000426769257,1.0633000135421753,0.31529998779296875,0.5234000086784363,0.19269999861717224,-0.6338000297546387,-0.5360000133514404,-0.16910000145435333,1.0703999996185303,0.32249999046325684,0.5234000086784363,0.19269999861717224,-0.6338000297546387,-0.5360000133514404,-0.09669999778270721,1.0400999784469604,0.28450000286102295,0.5285000205039978,0.3481999933719635,0.27730000019073486,-0.7228999733924866,-0.10729999840259552,1.0907000303268433,0.2858000099658966,0.26089999079704285,0.37790000438690186,0.14380000531673431,-0.8766000270843506,-0.12700000405311584,1.1096999645233154,0.3052000105381012,-0.003800000064074993,0.4099999964237213,0.05559999868273735,-0.9103999733924866,-0.14309999346733093,1.1105999946594238,0.31949999928474426,-0.0917000025510788,0.39070001244544983,0.03480000048875809,-0.9153000116348267,-0.15719999372959137,1.1086000204086304,0.33320000767707825,-0.0917000025510788,0.39070001244544983,0.03480000048875809,-0.9153000116348267,-0.08489999920129776,1.0388000011444092,0.29350000619888306,0.5285000205039978,0.3481999933719635,0.27730000019073486,-0.7228999733924866,-0.09239999949932098,1.090999960899353,0.2987000048160553,0.27129998803138733,0.39980000257492065,0.1891999989748001,-0.8547999858856201,-0.1143999993801117,1.114400029182434,0.3188999891281128,-0.05920000001788139,0.44449999928474426,0.043800000101327896,-0.8927000164985657,-0.1339000016450882,1.1126999855041504,0.3334999978542328,-0.20309999585151672,0.4471000134944916,0.034299999475479126,-0.8705000281333923,-0.15129999816417694,1.1065000295639038,0.34549999237060547,-0.20309999585151672,0.4471000134944916,0.034299999475479126,-0.8705000281333923,-0.07450000196695328,1.0382000207901,0.30149999260902405,0.5285000205039978,0.3481999933719635,0.27730000019073486,-0.7228999733924866,-0.0835999995470047,1.0836000442504883,0.31299999356269836,0.2653000056743622,0.40849998593330383,0.24140000343322754,-0.8392999768257141,-0.10279999673366547,1.1057000160217285,0.3310999870300293,-0.065700002014637,0.48570001125335693,0.11110000312328339,-0.8644999861717224,-0.12290000170469284,1.1055999994277954,0.3433000147342682,-0.22769999504089355,0.5224000215530396,0.03269999846816063,-0.8210999965667725,-0.14180000126361847,1.0994999408721924,0.3515999913215637,-0.22769999504089355,0.5224000215530396,0.03269999846816063,-0.8210999965667725,-0.07240000367164612,1.0364999771118164,0.30880001187324524,0.3874000012874603,0.35010001063346863,0.48590001463890076,-0.7009000182151794,-0.07699999958276749,1.072100043296814,0.32710000872612,0.2289000004529953,0.46720001101493835,0.2797999978065491,-0.8069000244140625,-0.09399999678134918,1.0892000198364258,0.33959999680519104,-0.048500001430511475,0.5167999863624573,0.19120000302791595,-0.8331000208854675,-0.10980000346899033,1.0913000106811523,0.34779998660087585,-0.14100000262260437,0.5763999819755554,0.12710000574588776,-0.7947999835014343,-0.1282999962568283,1.09089994430542,0.3537999987602234,-0.14100000262260437,0.5763999819755554,0.12710000574588776,-0.7947999835014343
1771636680.16022,889,1556,3072.0,3072.0,3072.0,3072.0,3072.0,3072.0,3072.0,3072.0,2599.0,1693.0,1482.0,2418.0,2446.0,2583.0,2599.0,2590.0,3072.0,3072.0,3072.0,3072.0,3072.0,3072.0,3072.0,3072.0,2446.0,1803.0,1031.0,2772.0,2641.0,2571.0,2641.0,2641.0,3038.0,3072.0,3072.0,3072.0,3072.0,3072.0,3072.0,3072.0,2606.0,2264.0,1063.0,2706.0,2695.0,2633.0,2641.0,2703.0,3072.0,3072.0,2263.0,3072.0,3072.0,3072.0,3072.0,3072.0,3022.0,2869.0,2962.0,2706.0,2641.0,2633.0,2641.0,2641.0,3072.0,3072.0,2852.0,3072.0,3072.0,3072.0,3072.0,3072.0,2434.0,3072.0,3072.0,2470.0,2492.0,2583.0,2590.0,2703.0,3072.0,3072.0,3072.0,2985.0,3072.0,2860.0,2888.0,2838.0,2826.0,3072.0,3072.0,3064.0,2641.0,2706.0,2590.0,2590.0,3072.0,3072.0,3072.0,3072.0,3072.0,3072.0,3069.0,3070.0,2641.0,3072.0,3069.0,3065.0,2695.0,2633.0,2650.0,2703.0,3072.0,3072.0,3072.0,3072.0,3072.0,3072.0,3061.0,3055.0,2023.0,2909.0,2822.0,3065.0,2081.0,2273.0,2413.0,2492.0,3072.0,3062.0,3072.0,3070.0,3072.0,2980.0,3051.0,3053.0,3072.0,3072.0,3072.0,3065.0,2695.0,2706.0,2641.0,2641.0,2853.0,3007.0,2891.0,3072.0,3072.0,3072.0,3072.0,3039.0,3072.0,3072.0,3072.0,3066.0,2641.0,2706.0,2695.0,2758.0,3072.0,3072.0,3072.0,3072.0,3072.0,3072.0,3072.0,3072.0,3072.0,3072.0,3072.0,2571.0,2590.0,2633.0,2641.0,2641.0,3072.0,3072.0,3072.0,3072.0,3072.0,3072.0,3072.0,2793.0,3072.0,3072.0,3072.0,2373.0,2422.0,2500.0,2650.0,2641.0,2981.0,2764.0,2660.0,2884.0,3072.0,3072.0,3072.0,3072.0,3072.0,3072.0,3072.0,3072.0,2653.0,912.0,3072.0,2568.0,3072.0,3072.0,3072.0,3072.0,3072.0,3072.0,3072.0,3072.0,3072.0,3072.0,3072.0,3072.0,3072.0,2146.0,2368.0,1672.0,3072.0,3072.0,3072.0,3072.0,3072.0,3072.0,3072.0,3072.0,3072.0,3072.0,3072.0,3072.0,3072.0,2876.0,2729.0,1147.0,3072.0,3072.0,3072.0,3072.0,3072.0,3072.0,3072.0,3072.0,3072.0,3072.0,3072.0,3072.0,3072.0,2068.0,1165.0,0.0,-0.47540000081062317,0.8658999800682068,0.17560000717639923,0.5429999828338623,0.10939999669790268,-0.41370001435279846,-0.7225000262260437,-0.5098000168800354,0.909500002861023,0.20409999787807465,0.5429999828338623,0.10939999669790268,-0.41370001435279846,-0.7225000262260437,-0.47200000286102295,0.9057000279426575,0.20100000500679016,0.3828999996185303,0.19429999589920044,0.3930000066757202,-0.8130999803543091,-0.4724999964237213,0.9296000003814697,0.22050000727176666,0.11509999632835388,0.31529998779296875,0.2240000069141388,-0.9150000214576721,-0.489300012588501,0.9408000111579895,0.2451999932527542,-0.1665000021457672,0.3382999897003174,0.2012999951839447,-0.9041000008583069,-0.505299985408783,0.9380999803543091,0.2619999945163727,-0.1665000021457672,0.3382999897003174,0.2012999951839447,-0.9041000008583069,-0.4812999963760376,0.9014999866485596,0.19519999623298645,0.5429999828338623,0.10939999669790268,-0.41370001435279846,-0.7225000262260437,-0.5131999850273132,0.9445000290870667,0.2101999968290329,0.375900000333786,0.027300000190734863,-0.39089998602867126,-0.8398000001907349,-0.5253999829292297,0.9664000272750854,0.23589999973773956,0.27000001072883606,-0.027000000700354576,-0.4147000014781952,-0.8684999942779541,-0.5293999910354614,0.9776999950408936,0.2556000053882599,0.27239999175071716,-0.0019000000320374966,-0.43619999289512634,-0.8575999736785889,-0.5353000164031982,0.9878000020980835,0.27320000529289246,0.27239999175071716,-0.0019000000320374966,-0.43619999289512634,-0.8575999736785889,-0.49129998683929443,0.8892999887466431,0.19609999656677246,0.5429999828338623,0.10939999669790268,-0.41370001435279846,-0.7225000262260437,-0.5281999707221985,0.9297000169754028,0.21220000088214874,0.12759999930858612,-0.07440000027418137,-0.4677000045776367,-0.8715000152587891,-0.5278000235557556,0.9416000247001648,0.25099998712539673,-0.5788999795913696,-0.4108000099658966,-0.2565000057220459,-0.656000018119812,-0.5059999823570251,0.927299976348877,0.2508000135421753,-0.8741000294685364,-0.4449999928474426,-0.05649999901652336,-0.18639999628067017,-0.499099999666214,0.9200000166893005,0.22939999401569366,-0.8741000294685364,-0.4449999928474426,-0.05649999901652336,-0.18639999628067017,-0.5016999840736389,0.8781999945640564,0.19740000367164612,0.5429999828338623,0.10939999669790268,-0.41370001435279846,-0.7225000262260437,-0.5339000225067139,0.911899983882904,0.21819999814033508,0.0430000014603138,-0.1429000049829483,-0.5008999705314636,-0.8525000214576721,-0.5264999866485596,0.9199000000953674,0.2535000145435333,-0.5795999765396118,-0.4805000126361847,-0.2777999937534332,-0.5965999960899353,-0.5040000081062317,0.9092000126838684,0.2500999867916107,-0.8148999810218811,-0.5534999966621399,-0.010099999606609344,-0.17170000076293945,-0.49799999594688416,0.9023000001907349,0.2290000021457672,-0.8148999810218811,-0.5534999966621399,-0.010099999606609344,-0.17170000076293945,-0.5045999884605408,0.8720999956130981,0.2021999955177307,0.47690001130104065,0.08730000257492065,-0.6283000111579895,-0.6083999872207642,-0.5350000262260437,0.8924000263214111,0.22509999573230743,0.012900000438094139,-0.23680000007152557,-0.5462999939918518,-0.8033000230789185,-0.524399995803833,0.9004999995231628,0.250900000333786,-0.551800012588501,-0.5371999740600586,-0.3149000108242035,-0.5547999739646912,-0.5062000155448914,0.8952999711036682,0.24729999899864197,-0.7416999936103821,-0.6467999815940857,-0.020899999886751175,-0.17640000581741333,-0.49970000982284546,0.890500009059906,0.2281000018119812,-0.7416999936103821,-0.6467999815940857,-0.020899999886751175,-0.17640000581741333,-0.0723000019788742,1.010599970817566,0.2809999883174896,0.5292999744415283,0.3458000123500824,0.2777999937534332,-0.7232999801635742,-0.08879999816417694,1.0649000406265259,0.2953999936580658,0.5292999744415283,0.3458000123500824,0.2777999937534332,-0.7232999801635742,-0.10760000348091125,1.037500023841858,0.28459998965263367,0.5055000185966492,0.1599999964237213,-0.6323000192642212,-0.5648000240325928,-0.13120000064373016,1.0480999946594238,0.2971999943256378,0.45910000801086426,0.09309999644756317,-0.5659999847412109,-0.6783999800682068,-0.15049999952316284,1.063599944114685,0.3140000104904175,0.5270000100135803,0.19370000064373016,-0.6308000087738037,-0.5356000065803528,-0.16990000009536743,1.0707999467849731,0.32109999656677246,0.5270000100135803,0.19370000064373016,-0.6308000087738037,-0.5356000065803528,-0.09700000286102295,1.0400999784469604,0.28369998931884766,0.5292999744415283,0.3458000123500824,0.2777999937534332,-0.7232999801635742,-0.10750000178813934,1.09089994430542,0.28519999980926514,0.2418999969959259,0.37540000677108765,0.14079999923706055,-0.8835999965667725,-0.1274999976158142,1.1088000535964966,0.305400013923645,-0.026499999687075615,0.40639999508857727,0.05249999836087227,-0.9118000268936157,-0.14350000023841858,1.1087000370025635,0.3197999894618988,-0.11389999836683273,0.3865000009536743,0.03150000050663948,-0.9146999716758728,-0.1574999988079071,1.1059000492095947,0.3336000144481659,-0.11389999836683273,0.3865000009536743,0.03150000050663948,-0.9146999716758728,-0.0851999968290329,1.038699984550476,0.29269999265670776,0.5292999744415283,0.3458000123500824,0.2777999937534332,-0.7232999801635742,-0.09239999949932098,1.0910999774932861,0.29809999465942383,0.2628999948501587,0.3984000086784363,0.18780000507831573,-0.8583999872207642,-0.11469999700784683,1.1139999628067017,0.3188000023365021,-0.07559999823570251,0.44290000200271606,0.039500001817941666,-0.8924999833106995,-0.13410000503063202,1.1115000247955322,0.33340001106262207,-0.22280000150203705,0.4440000057220459,0.028999999165534973,-0.8673999905586243,-0.15139999985694885,1.1044000387191772,0.3452000021934509,-0.22280000150203705,0.4440000057220459,0.028999999165534973,-0.8673999905586243,-0.0746999979019165,1.038100004196167,0.30079999566078186,0.5292999744415283,0.3458000123500824,0.2777999937534332,-0.7232999801635742,-0.0835999995470047,1.0836000442504883,0.3124000132083893,0.2635999917984009,0.4056999981403351,0.24289999902248383,-0.8406999707221985,-0.10270000249147415,1.1057000160217285,0.33079999685287476,-0.07519999891519547,0.4846000075340271,0.10970000177621841,-0.8646000027656555,-0.12280000001192093,1.1052000522613525,0.34299999475479126,-0.24269999563694,0.5210000276565552,0.028599999845027924,-0.817799985408783,-0.14169999957084656,1.0983999967575073,0.35109999775886536,-0.24269999563694,0.5210000276565552,0.028599999845027924,-0.817799985408783,-0.07259999960660934,1.0362999439239502,0.30809998512268066,0.3885999917984009,0.34790000319480896,0.48660001158714294,-0.7009000182151794,-0.07699999958276749,1.072100043296814,0.3264999985694885,0.22840000689029694,0.4643000066280365,0.2818000018596649,-0.8080000281333923,-0.09390000253915787,1.0892000198364258,0.3391000032424927,-0.055399999022483826,0.5159000158309937,0.19059999287128448,-0.833299994468689,-0.10980000346899033,1.0910999774932861,0.3474000096321106,-0.15109999477863312,0.5759999752044678,0.12489999830722809,-0.7936000227928162,-0.1282999962568283,1.0902999639511108,0.353300005197525,-0.15109999477863312,0.5759999752044678,0.12489999830722809,-0.7936000227928162
1771636680.203443,930,1355,3072.0,3072.0,3072.0,3072.0,3072.0,3072.0,3072.0,3072.0,2540.0,1507.0,1256.0,2418.0,2446.0,2513.0,2540.0,2590.0,3072.0,3072.0,3072.0,3072.0,3072.0,3072.0,3072.0,3072.0,2446.0,1740.0,881.0,2847.0,2641.0,2643.0,2641.0,2641.0,3038.0,3072.0,3072.0,3072.0,3072.0,3072.0,3072.0,3072.0,2606.0,2128.0,618.0,2706.0,2633.0,2633.0,2641.0,2641.0,3061.0,3072.0,1940.0,3072.0,3072.0,3072.0,3072.0,3072.0,3009.0,2712.0,2869.0,2706.0,2703.0,2706.0,2641.0,2641.0,3058.0,3072.0,2194.0,3072.0,3072.0,3072.0,3072.0,3072.0,2492.0,3072.0,3072.0,2470.0,2550.0,2513.0,2590.0,2641.0,3072.0,3072.0,3072.0,2981.0,3063.0,2542.0,2863.0,2834.0,2856.0,3072.0,3072.0,3064.0,2641.0,2779.0,2590.0,2590.0,3072.0,3072.0,3072.0,3072.0,3072.0,3072.0,3069.0,3072.0,2703.0,3072.0,3072.0,3063.0,2633.0,2706.0,2590.0,2641.0,3072.0,3072.0,3072.0,3072.0,3072.0,3072.0,3059.0,3053.0,2697.0,2852.0,2860.0,3066.0,2130.0,2273.0,2413.0,2492.0,3072.0,3065.0,3072.0,3072.0,3072.0,2950.0,3053.0,3052.0,3072.0,3072.0,3072.0,3066.0,2695.0,2633.0,2641.0,2641.0,2834.0,3020.0,2794.0,3072.0,3072.0,3072.0,3072.0,3072.0,3072.0,3072.0,3072.0,3066.0,2580.0,2633.0,2695.0,2695.0,3072.0,3072.0,3072.0,3072.0,3072.0,3072.0,3072.0,3072.0,3072.0,3072.0,3072.0,2643.0,2590.0,2633.0,2641.0,2641.0,3072.0,3072.0,3072.0,3072.0,3072.0,3072.0,3072.0,2762.0,3072.0,3072.0,3072.0,2443.0,2422.0,2500.0,2590.0,2641.0,2981.0,2764.0,2660.0,2884.0,3072.0,3072.0,3072.0,3072.0,3072.0,3072.0,3072.0,3072.0,2653.0,912.0,3072.0,2568.0,3072.0,3072.0,3072.0,3072.0,3072.0,3072.0,3072.0,3072.0,3072.0,3072.0,3072.0,3072.0,3072.0,2172.0,2365.0,1212.0,3072.0,3072.0,3072.0,3072.0,3072.0,3072.0,3072.0,3072.0,3072.0,3072.0,3072.0,3072.0,3072.0,2865.0,2629.0,722.0,3072.0,3072.0,3072.0,3072.0,3072.0,3072.0,3072.0,3072.0,3072.0,3072.0,3072.0,3072.0,3072.0,1935.0,1059.0,0.0,-0.4796999990940094,0.8636999726295471,0.17309999465942383,0.5449000000953674,0.11919999867677689,-0.40450000762939453,-0.7247999906539917,-0.5145000219345093,0.9071999788284302,0.2011999934911728,0.5449000000953674,0.11919999867677689,-0.40450000762939453,-0.7247999906539917,-0.47679999470710754,0.9031999707221985,0.19900000095367432,0.3752000033855438,0.20280000567436218,0.4000000059604645,-0.8112000226974487,-0.47769999504089355,0.9269000291824341,0.21850000321865082,0.10909999907016754,0.326200008392334,0.2281000018119812,-0.9107999801635742,-0.4950000047683716,0.9380000233650208,0.24289999902248383,-0.17080000042915344,0.34929999709129333,0.20239999890327454,-0.8988000154495239,-0.5113999843597412,0.9352999925613403,0.25920000672340393,-0.17080000042915344,0.34929999709129333,0.20239999890327454,-0.8988000154495239,-0.48590001463890076,0.8991000056266785,0.19290000200271606,0.5449000000953674,0.11919999867677689,-0.40450000762939453,-0.7247999906539917,-0.5178999900817871,0.9419999718666077,0.20749999582767487,0.3774000108242035,0.03869999945163727,-0.38350000977516174,-0.8420000076293945,-0.5306000113487244,0.963699996471405,0.23309999704360962,0.27090001106262207,-0.01510000042617321,-0.4088999927043915,-0.8712999820709229,-0.535099983215332,0.9749000072479248,0.2526000142097473,0.273499995470047,0.00989999994635582,-0.4302000105381012,-0.8601999878883362,-0.5412999987602234,0.9848999977111816,0.2702000141143799,0.273499995470047,0.00989999994635582,-0.4302000105381012,-0.8601999878883362,-0.4959999918937683,0.8870000243186951,0.19339999556541443,0.5449000000953674,0.11919999867677689,-0.40450000762939453,-0.7247999906539917,-0.5329999923706055,0.9273999929428101,0.20890000462532043,0.13500000536441803,-0.05860000103712082,-0.4641999900341034,-0.8733999729156494,-0.5339999794960022,0.9391000270843506,0.24779999256134033,-0.5741000175476074,-0.39750000834465027,-0.2669999897480011,-0.6640999913215637,-0.5121999979019165,0.9247999787330627,0.2484000027179718,-0.8723000288009644,-0.4406000077724457,-0.0746999979019165,-0.19850000739097595,-0.5044000148773193,0.9174000024795532,0.227400004863739,-0.8723000288009644,-0.4406000077724457,-0.0746999979019165,-0.19850000739097595,-0.5063999891281128,0.8758999705314636,0.19429999589920044,0.5449000000953674,0.11919999867677689,-0.40450000762939453,-0.7247999906539917,-0.5389999747276306,0.909500002861023,0.21469999849796295,0.054099999368190765,-0.12439999729394913,-0.5001999735832214,-0.8551999926567078,-0.5331000089645386,0.9175000190734863,0.2502000033855438,-0.5734999775886536,-0.46790000796318054,-0.29019999504089355,-0.6065999865531921,-0.5105000138282776,0.9068999886512756,0.24779999256134033,-0.8141000270843506,-0.550000011920929,-0.02810000069439411,-0.18440000712871552,-0.503600001335144,0.8999999761581421,0.22689999639987946,-0.8141000270843506,-0.550000011920929,-0.02810000069439411,-0.18440000712871552,-0.5094000101089478,0.8697999715805054,0.19900000095367432,0.4821000099182129,0.09690000116825104,-0.6202999949455261,-0.6111000180244446,-0.5403000116348267,0.8899999856948853,0.22130000591278076,0.023099999874830246,-0.21879999339580536,-0.546999990940094,-0.807699978351593,-0.5307999849319458,0.8980000019073486,0.2475000023841858,-0.544700026512146,-0.5246999859809875,-0.3287000060081482,-0.5655999779701233,-0.512499988079071,0.892799973487854,0.24469999969005585,-0.739799976348877,-0.6434999704360962,-0.040800001472234726,-0.19220000505447388,-0.5051000118255615,0.8881000280380249,0.22589999437332153,-0.739799976348877,-0.6434999704360962,-0.040800001472234726,-0.19220000505447388,-0.07249999791383743,1.010200023651123,0.28049999475479126,0.5304999947547913,0.34459999203681946,0.2770000100135803,-0.7232000231742859,-0.08900000154972076,1.0648000240325928,0.29490000009536743,0.5304999947547913,0.34459999203681946,0.2770000100135803,-0.7232000231742859,-0.10779999941587448,1.0372999906539917,0.2842000126838684,0.505299985408783,0.15839999914169312,-0.6327999830245972,-0.5648999810218811,-0.1315000057220459,1.0479999780654907,0.2969000041484833,0.4587000012397766,0.09109999984502792,-0.5663999915122986,-0.678600013256073,-0.15080000460147858,1.063599944114685,0.31380000710487366,0.526199996471405,0.1915999948978424,-0.631600022315979,-0.5361999869346619,-0.17020000517368317,1.0707999467849731,0.32089999318122864,0.526199996471405,0.1915999948978424,-0.631600022315979,-0.5361999869346619,-0.09719999879598618,1.0398999452590942,0.2831999957561493,0.5304999947547913,0.34459999203681946,0.2770000100135803,-0.7232000231742859,-0.10769999772310257,1.09089994430542,0.2847000062465668,0.22349999845027924,0.37380000948905945,0.1362999975681305,-0.8898000121116638,-0.12809999287128448,1.107699990272522,0.30570000410079956,-0.0471000000834465,0.4032000005245209,0.04830000177025795,-0.9125999808311462,-0.14409999549388885,1.1066999435424805,0.32010000944137573,-0.13369999825954437,0.3824999928474426,0.027400000020861626,-0.9138000011444092,-0.15800000727176666,1.1030999422073364,0.33390000462532043,-0.13369999825954437,0.3824999928474426,0.027400000020861626,-0.9138000011444092,-0.08540000021457672,1.0384999513626099,0.2922999858856201,0.5304999947547913,0.34459999203681946,0.2770000100135803,-0.7232000231742859,-0.09260000288486481,1.0910999774932861,0.29760000109672546,0.2533999979496002,0.3977999985218048,0.18459999561309814,-0.8622000217437744,-0.1151999980211258,1.1133999824523926,0.3188000023365021,-0.08910000324249268,0.44119998812675476,0.03519999980926514,-0.892300009727478,-0.13459999859333038,1.110200047492981,0.33340001106262207,-0.23800000548362732,0.4408999979496002,0.024299999698996544,-0.8651000261306763,-0.1518000066280365,1.1023999452590942,0.3449999988079071,-0.23800000548362732,0.4408999979496002,0.024299999698996544,-0.8651000261306763,-0.07479999959468842,1.0378999710083008,0.3003999888896942,0.5304999947547913,0.34459999203681946,0.2770000100135803,-0.7232000231742859,-0.0835999995470047,1.0836000442504883,0.31189998984336853,0.25780001282691956,0.4052000045776367,0.24070000648498535,-0.8434000015258789,-0.10300000011920929,1.1053999662399292,0.33059999346733093,-0.0835999995470047,0.48330000042915344,0.10689999908208847,-0.8648999929428101,-0.12319999933242798,1.1044000387191772,0.34290000796318054,-0.25429999828338623,0.51910001039505,0.024700000882148743,-0.8155999779701233,-0.1420000046491623,1.0972000360488892,0.35089999437332153,-0.25429999828338623,0.51910001039505,0.024700000882148743,-0.8155999779701233,-0.07270000129938126,1.0361000299453735,0.3075999915599823,0.39010000228881836,0.34700000286102295,0.4860000014305115,-0.7009000182151794,-0.07699999958276749,1.0720000267028809,0.3260999917984009,0.22630000114440918,0.4632999897003174,0.2809999883174896,-0.809499979019165,-0.09399999678134918,1.0891000032424927,0.33889999985694885,-0.05950000137090683,0.5149000287055969,0.1890999972820282,-0.8339999914169312,-0.10989999771118164,1.09089994430542,0.3472000062465668,-0.15729999542236328,0.5751000046730042,0.12240000069141388,-0.79339998960495,-0.12849999964237213,1.0898000001907349,0.3531000018119812,-0.15729999542236328,0.5751000046730042,0.12240000069141388,-0.79339998960495
1771636680.24167,972,1217,3072.0,3072.0,3072.0,3072.0,3072.0,3072.0,3072.0,3072.0,2540.0,1214.0,780.0,2418.0,2503.0,2583.0,2599.0,2590.0,3072.0,3072.0,3072.0,3072.0,3072.0,3072.0,3072.0,3072.0,2446.0,1676.0,865.0,2772.0,2703.0,2643.0,2641.0,2641.0,3049.0,3072.0,3072.0,3072.0,3072.0,3072.0,3072.0,3072.0,2606.0,2104.0,668.0,2706.0,2633.0,2633.0,2703.0,2703.0,3072.0,3064.0,2182.0,3072.0,3072.0,3072.0,3072.0,3072.0,3072.0,2571.0,2707.0,2633.0,2641.0,2706.0,2641.0,2641.0,3072.0,3035.0,2413.0,3072.0,3072.0,3072.0,3072.0,3072.0,2492.0,3072.0,3072.0,2404.0,2434.0,2583.0,2590.0,2641.0,3072.0,3072.0,3072.0,2974.0,3063.0,2754.0,2860.0,2840.0,2887.0,3072.0,3072.0,3064.0,2641.0,2633.0,2590.0,2590.0,3072.0,3072.0,3072.0,3072.0,3072.0,3072.0,3068.0,3072.0,2703.0,3070.0,3070.0,3063.0,2633.0,2633.0,2650.0,2641.0,3072.0,3072.0,3072.0,3072.0,3072.0,3072.0,3060.0,3060.0,2847.0,2812.0,2911.0,3065.0,2081.0,2211.0,2358.0,2492.0,3072.0,3058.0,3072.0,3072.0,3072.0,3041.0,3051.0,3058.0,3072.0,3072.0,3072.0,3066.0,2695.0,2706.0,2703.0,2641.0,2807.0,2993.0,2858.0,3072.0,3072.0,3072.0,3072.0,3072.0,3072.0,3072.0,3072.0,3066.0,2641.0,2633.0,2695.0,2695.0,3072.0,3072.0,3072.0,3072.0,3072.0,3072.0,3072.0,3072.0,3072.0,3072.0,3066.0,2643.0,2529.0,2633.0,2641.0,2641.0,3072.0,3072.0,3072.0,3072.0,3072.0,3072.0,3072.0,2715.0,3072.0,3072.0,3072.0,2513.0,2422.0,2500.0,2529.0,2641.0,3072.0,2792.0,2693.0,3072.0,3072.0,3072.0,3072.0,3072.0,3072.0,3072.0,3072.0,3072.0,2139.0,549.0,3072.0,2476.0,3072.0,3072.0,3072.0,3072.0,3072.0,3072.0,3072.0,3072.0,3072.0,3072.0,3072.0,3072.0,3021.0,1996.0,1988.0,312.0,3072.0,3072.0,3072.0,3072.0,3072.0,3072.0,3072.0,3072.0,3072.0,3072.0,3072.0,3072.0,3072.0,2678.0,2629.0,170.0,3072.0,3072.0,3072.0,3072.0,3072.0,3072.0,3072.0,3072.0,3072.0,3072.0,3072.0,3072.0,3072.0,1558.0,1338.0,0.0,-0.482699990272522,0.8614000082015991,0.17149999737739563,0.54830002784729,0.12780000269412994,-0.39579999446868896,-0.7254999876022339,-0.5178999900817871,0.9049000144004822,0.1988999992609024,0.54830002784729,0.12780000269412994,-0.39579999446868896,-0.7254999876022339,-0.48010000586509705,0.9007999897003174,0.19760000705718994,0.36880001425743103,0.2102999985218048,0.40720000863075256,-0.8087000250816345,-0.4814000129699707,0.9243000149726868,0.21729999780654907,0.10360000282526016,0.33629998564720154,0.23240000009536743,-0.9067000150680542,-0.4993000030517578,0.9352999925613403,0.24130000174045563,-0.17560000717639923,0.3598000109195709,0.20350000262260437,-0.8934999704360962,-0.5160999894142151,0.9326000213623047,0.257099986076355,-0.17560000717639923,0.3598000109195709,0.20350000262260437,-0.8934999704360962,-0.48910000920295715,0.8967000246047974,0.19130000472068787,0.54830002784729,0.12780000269412994,-0.39579999446868896,-0.7254999876022339,-0.5213000178337097,0.9397000074386597,0.2054000049829483,0.3808000087738037,0.04919999837875366,-0.3765999972820282,-0.8431000113487244,-0.534500002861023,0.9613999724388123,0.2305999994277954,0.27300000190734863,-0.004600000102072954,-0.4032999873161316,-0.8733999729156494,-0.5393999814987183,0.9724000096321106,0.2500999867916107,0.2757999897003174,0.02019999921321869,-0.4246000051498413,-0.8621000051498413,-0.5458999872207642,0.9822999835014343,0.26759999990463257,0.2757999897003174,0.02019999921321869,-0.4246000051498413,-0.8621000051498413,-0.4993000030517578,0.8847000002861023,0.1914999932050705,0.54830002784729,0.12780000269412994,-0.39579999446868896,-0.7254999876022339,-0.5364999771118164,0.9251000285148621,0.20630000531673431,0.14339999854564667,-0.04490000009536743,-0.4603999853134155,-0.8748999834060669,-0.5386999845504761,0.9369999766349792,0.24500000476837158,-0.5680999755859375,-0.38519999384880066,-0.2757999897003174,-0.6729999780654907,-0.5170000195503235,0.9225999712944031,0.24650000035762787,-0.8695999979972839,-0.4359000027179718,-0.09160000085830688,-0.21299999952316284,-0.5083000063896179,0.914900004863739,0.22599999606609344,-0.8695999979972839,-0.4359000027179718,-0.09160000085830688,-0.21299999952316284,-0.5098000168800354,0.8736000061035156,0.19210000336170197,0.54830002784729,0.12780000269412994,-0.39579999446868896,-0.7254999876022339,-0.5426999926567078,0.9072999954223633,0.2117999941110611,0.06769999861717224,-0.10740000009536743,-0.49889999628067017,-0.8572999835014343,-0.5383999943733215,0.9154999852180481,0.24740000069141388,-0.565500020980835,-0.4560000002384186,-0.3009999990463257,-0.6177999973297119,-0.5156999826431274,0.9049000144004822,0.2460000067949295,-0.8123999834060669,-0.5462999939918518,-0.044199999421834946,-0.1988999992609024,-0.5077999830245972,0.8978000283241272,0.225600004196167,-0.8123999834060669,-0.5462999939918518,-0.044199999421834946,-0.1988999992609024,-0.5128999948501587,0.8675000071525574,0.19670000672340393,0.48840001225471497,0.1046999990940094,-0.6126999855041504,-0.612500011920929,-0.5443000197410583,0.8877999782562256,0.218299999833107,0.03970000147819519,-0.19939999282360077,-0.5478000044822693,-0.8116000294685364,-0.5360999703407288,0.8960000276565552,0.24490000307559967,-0.53329998254776,-0.5123000144958496,-0.3427000045776367,-0.5794000029563904,-0.5177000164985657,0.8907999992370605,0.24310000240802765,-0.736299991607666,-0.6402999758720398,-0.05889999866485596,-0.21070000529289246,-0.5092999935150146,0.8860999941825867,0.22470000386238098,-0.736299991607666,-0.6402999758720398,-0.05889999866485596,-0.21070000529289246,-0.07240000367164612,1.0096999406814575,0.28029999136924744,0.5331000089645386,0.34290000796318054,0.2752000093460083,-0.7228000164031982,-0.08879999816417694,1.0644999742507935,0.2944999933242798,0.5331000089645386,0.34290000796318054,0.2752000093460083,-0.7228000164031982,-0.10769999772310257,1.0369000434875488,0.2840000092983246,0.5048999786376953,0.15479999780654907,-0.6341999769210815,-0.5647000074386597,-0.13130000233650208,1.047700047492981,0.29679998755455017,0.4580000042915344,0.0868000015616417,-0.5674999952316284,-0.6786999702453613,-0.15049999952316284,1.0634000301361084,0.31380000710487366,0.5246999859809875,0.18729999661445618,-0.633400022983551,-0.5370000004768372,-0.16979999840259552,1.0707999467849731,0.32109999656677246,0.5246999859809875,0.18729999661445618,-0.633400022983551,-0.5370000004768372,-0.09709999710321426,1.0394999980926514,0.28290000557899475,0.5331000089645386,0.34290000796318054,0.2752000093460083,-0.7228000164031982,-0.10750000178813934,1.090499997138977,0.2842999994754791,0.21089999377727509,0.3709999918937683,0.13279999792575836,-0.894599974155426,-0.12800000607967377,1.106600046157837,0.30570000410079956,-0.05999999865889549,0.39910000562667847,0.04600000008940697,-0.9138000011444092,-0.14390000700950623,1.1050000190734863,0.32030001282691956,-0.1451999992132187,0.3779999911785126,0.025800000876188278,-0.9139999747276306,-0.15770000219345093,1.1009999513626099,0.33410000801086426,-0.1451999992132187,0.3779999911785126,0.025800000876188278,-0.9139999747276306,-0.0851999968290329,1.038100004196167,0.29190000891685486,0.5331000089645386,0.34290000796318054,0.2752000093460083,-0.7228000164031982,-0.09229999780654907,1.0908000469207764,0.2971000075340271,0.24369999766349792,0.39629998803138733,0.18050000071525574,-0.866599977016449,-0.1151999980211258,1.1124000549316406,0.31869998574256897,-0.10040000081062317,0.4381999969482422,0.031599998474121094,-0.8927000164985657,-0.13449999690055847,1.1087000370025635,0.33340001106262207,-0.24889999628067017,0.4368000030517578,0.021299999207258224,-0.8641999959945679,-0.15150000154972076,1.1003999710083008,0.3449999988079071,-0.24889999628067017,0.4368000030517578,0.021299999207258224,-0.8641999959945679,-0.07460000365972519,1.037500023841858,0.30000001192092896,0.5331000089645386,0.34290000796318054,0.2752000093460083,-0.7228000164031982,-0.08330000191926956,1.083299994468689,0.31139999628067017,0.2460000067949295,0.4059000015258789,0.23420000076293945,-0.8485000133514404,-0.10320000350475311,1.1044000387191772,0.3305000066757202,-0.09529999643564224,0.48100000619888306,0.1014999970793724,-0.8655999898910522,-0.12330000102519989,1.1028000116348267,0.34279999136924744,-0.2669000029563904,0.5156000256538391,0.01979999989271164,-0.8138999938964844,-0.1420000046491623,1.0950000286102295,0.350600004196167,-0.2669000029563904,0.5156000256538391,0.01979999989271164,-0.8138999938964844,-0.07240000367164612,1.0357999801635742,0.30720001459121704,0.39320001006126404,0.3458999991416931,0.4846000075340271,-0.7006999850273132,-0.07660000026226044,1.0717999935150146,0.3255999982357025,0.22040000557899475,0.4632999897003174,0.2768000066280365,-0.8125,-0.09390000253915787,1.0886000394821167,0.3384999930858612,-0.06549999862909317,0.5131999850273132,0.18539999425411224,-0.8355000019073486,-0.10980000346899033,1.0901000499725342,0.34689998626708984,-0.16419999301433563,0.5730999708175659,0.11890000104904175,-0.7940999865531921,-0.12839999794960022,1.0887000560760498,0.35280001163482666,-0.16419999301433563,0.5730999708175659,0.11890000104904175,-0.7940999865531921
1771636680.283851,1014,981,3072.0,3072.0,3072.0,3072.0,3072.0,3072.0,3072.0,3072.0,2540.0,1239.0,607.0,2353.0,2503.0,2513.0,2540.0,2650.0,3072.0,3072.0,3072.0,3072.0,3072.0,3072.0,3072.0,3072.0,2446.0,1257.0,306.0,2772.0,2641.0,2643.0,2703.0,2703.0,3038.0,3072.0,3072.0,3072.0,3072.0,3072.0,3072.0,3059.0,2653.0,1901.0,578.0,2633.0,2758.0,2633.0,2703.0,2641.0,3072.0,3072.0,2263.0,3072.0,3072.0,3072.0,3072.0,3072.0,3034.0,2007.0,2297.0,2706.0,2641.0,2706.0,2641.0,2703.0,3072.0,3072.0,2523.0,3072.0,3072.0,3072.0,3072.0,3072.0,2318.0,2611.0,3026.0,2470.0,2492.0,2513.0,2650.0,2703.0,3072.0,3072.0,3072.0,2944.0,3061.0,2436.0,2833.0,2767.0,2841.0,2986.0,3072.0,3064.0,2641.0,2633.0,2590.0,2590.0,3072.0,3072.0,3072.0,3072.0,3072.0,3072.0,3069.0,3072.0,2580.0,3070.0,3069.0,3063.0,2633.0,2633.0,2590.0,2703.0,3072.0,3072.0,3072.0,3072.0,3072.0,3072.0,3066.0,3064.0,2472.0,2871.0,2967.0,3066.0,2130.0,2211.0,2468.0,2492.0,3072.0,3072.0,3072.0,3070.0,3072.0,3011.0,3051.0,3053.0,3072.0,3072.0,3072.0,3066.0,2695.0,2633.0,2641.0,2703.0,2818.0,2985.0,2876.0,3072.0,3072.0,3072.0,3072.0,3072.0,3072.0,3072.0,3072.0,3066.0,2580.0,2560.0,2695.0,2695.0,3072.0,3072.0,3072.0,3072.0,3072.0,3072.0,3072.0,3072.0,3072.0,3072.0,3066.0,2571.0,2650.0,2633.0,2641.0,2641.0,3072.0,3072.0,3072.0,3072.0,3072.0,3072.0,3072.0,2892.0,3072.0,3072.0,3072.0,2443.0,2422.0,2500.0,2650.0,2641.0,3072.0,2726.0,2714.0,3072.0,3072.0,3072.0,3072.0,3072.0,3072.0,3072.0,3072.0,3072.0,1994.0,394.0,3072.0,2273.0,3072.0,3072.0,3072.0,3072.0,3072.0,3072.0,3072.0,3072.0,3072.0,3072.0,3072.0,3072.0,2923.0,1892.0,1863.0,0.0,3072.0,3072.0,3072.0,3072.0,3072.0,3072.0,3072.0,3072.0,3072.0,3072.0,3072.0,3072.0,3055.0,2704.0,2498.0,228.0,3072.0,3072.0,3072.0,3072.0,3072.0,3072.0,3072.0,3072.0,3072.0,3072.0,3072.0,3072.0,3072.0,1330.0,719.0,0.0,-0.48489999771118164,0.8597000241279602,0.17180000245571136,0.554099977016449,0.13379999995231628,-0.3855000138282776,-0.725600004196167,-0.5203999876976013,0.9035000205039978,0.19830000400543213,0.554099977016449,0.13379999995231628,-0.3855000138282776,-0.725600004196167,-0.482699990272522,0.8989999890327454,0.19789999723434448,0.36570000648498535,0.21819999814033508,0.4154999852180481,-0.8036999702453613,-0.48410001397132874,0.9225999712944031,0.2175000011920929,0.10040000081062317,0.3474000096321106,0.23720000684261322,-0.9017000198364258,-0.5026000142097473,0.9337000250816345,0.2409999966621399,-0.17800000309944153,0.3716000020503998,0.20469999313354492,-0.8878999948501587,-0.5198000073432922,0.9309999942779541,0.2563999891281128,-0.17800000309944153,0.3716000020503998,0.20469999313354492,-0.8878999948501587,-0.49149999022483826,0.8950999975204468,0.19140000641345978,0.554099977016449,0.13379999995231628,-0.3855000138282776,-0.725600004196167,-0.5235999822616577,0.9383000135421753,0.2046000063419342,0.38690000772476196,0.057500001043081284,-0.36739999055862427,-0.8438000082969666,-0.5371999740600586,0.9602000117301941,0.22949999570846558,0.2782000005245209,0.00419999985024333,-0.3953000009059906,-0.8754000067710876,-0.5424000024795532,0.9713000059127808,0.24879999458789825,0.2815000116825104,0.02889999933540821,-0.41659998893737793,-0.8639000058174133,-0.5493000149726868,0.9812999963760376,0.2660999894142151,0.2815000116825104,0.02889999933540821,-0.41659998893737793,-0.8639000058174133,-0.501800000667572,0.8830999732017517,0.19130000472068787,0.554099977016449,0.13379999995231628,-0.3855000138282776,-0.725600004196167,-0.5389999747276306,0.9239000082015991,0.20520000159740448,0.15230000019073486,-0.033799998462200165,-0.4537999927997589,-0.8773000240325928,-0.5422000288963318,0.9359999895095825,0.24379999935626984,-0.5619999766349792,-0.37229999899864197,-0.2809999883174896,-0.6830999851226807,-0.5206999778747559,0.921500027179718,0.24609999358654022,-0.8676999807357788,-0.42879998683929443,-0.1054999977350235,-0.22840000689029694,-0.5112000107765198,0.9135000109672546,0.22609999775886536,-0.8676999807357788,-0.42879998683929443,-0.1054999977350235,-0.22840000689029694,-0.5123999714851379,0.8722000122070312,0.19169999659061432,0.554099977016449,0.13379999995231628,-0.3855000138282776,-0.725600004196167,-0.5454000234603882,0.9061999917030334,0.21050000190734863,0.08070000261068344,-0.09350000321865082,-0.4943000078201294,-0.8604999780654907,-0.5424000024795532,0.9146999716758728,0.24619999527931213,-0.5586000084877014,-0.4438000023365021,-0.3075000047683716,-0.6297000050544739,-0.5198000073432922,0.9039000272750854,0.24580000340938568,-0.8122000098228455,-0.5400000214576721,-0.056699998676776886,-0.21330000460147858,-0.5112000107765198,0.8966000080108643,0.2257000058889389,-0.8122000098228455,-0.5400000214576721,-0.056699998676776886,-0.21330000460147858,-0.5156999826431274,0.866100013256073,0.19619999825954437,0.4966999888420105,0.1096000000834465,-0.603600025177002,-0.6139000058174133,-0.5473999977111816,0.8866999745368958,0.21699999272823334,0.05719999969005585,-0.18230000138282776,-0.5450999736785889,-0.8162999749183655,-0.5406000018119812,0.8952000141143799,0.24390000104904175,-0.5217999815940857,-0.4993000030517578,-0.35280001163482666,-0.5949000120162964,-0.5220999717712402,0.8899999856948853,0.24300000071525574,-0.7339000105857849,-0.6348000168800354,-0.07349999994039536,-0.23029999434947968,-0.5127999782562256,0.8851000070571899,0.22519999742507935,-0.7339000105857849,-0.6348000168800354,-0.07349999994039536,-0.23029999434947968,-0.07259999960660934,1.0091999769210815,0.2800000011920929,0.5375999808311462,0.3402999937534332,0.27239999175071716,-0.7218000292778015,-0.08869999647140503,1.0641000270843506,0.2939999997615814,0.5375999808311462,0.3402999937534332,0.27239999175071716,-0.7218000292778015,-0.10779999941587448,1.0363999605178833,0.28380000591278076,0.5048999786376953,0.14869999885559082,-0.6359999775886536,-0.5644000172615051,-0.13130000233650208,1.0475000143051147,0.29679998755455017,0.4580000042915344,0.07989999651908875,-0.5687000155448914,-0.6784999966621399,-0.1501999944448471,1.0634000301361084,0.31380000710487366,0.5236999988555908,0.18039999902248383,-0.6358000040054321,-0.5375000238418579,-0.16940000653266907,1.0708999633789062,0.3212999999523163,0.5236999988555908,0.18039999902248383,-0.6358000040054321,-0.5375000238418579,-0.09719999879598618,1.0390000343322754,0.2827000021934509,0.5375999808311462,0.3402999937534332,0.27239999175071716,-0.7218000292778015,-0.10750000178813934,1.0901000499725342,0.28369998931884766,0.20170000195503235,0.3668000102043152,0.12950000166893005,-0.8988999724388123,-0.12800000607967377,1.1055999994277954,0.30559998750686646,-0.06930000334978104,0.3939000070095062,0.04439999908208847,-0.9154999852180481,-0.1437000036239624,1.103600025177002,0.32030001282691956,-0.15199999511241913,0.3723999857902527,0.025599999353289604,-0.9151999950408936,-0.15729999542236328,1.0993000268936157,0.334199994802475,-0.15199999511241913,0.3723999857902527,0.025599999353289604,-0.9151999950408936,-0.0851999968290329,1.0377000570297241,0.29159998893737793,0.5375999808311462,0.3402999937534332,0.27239999175071716,-0.7218000292778015,-0.09210000187158585,1.090499997138977,0.2962999939918518,0.23270000517368317,0.39399999380111694,0.17499999701976776,-0.8718000054359436,-0.1152999997138977,1.111199975013733,0.31859999895095825,-0.11190000176429749,0.43380001187324524,0.027699999511241913,-0.8935999870300293,-0.13449999690055847,1.1068999767303467,0.33320000767707825,-0.2596000134944916,0.43130001425743103,0.018400000408291817,-0.8639000058174133,-0.15129999816417694,1.098099946975708,0.3449000120162964,-0.2596000134944916,0.43130001425743103,0.018400000408291817,-0.8639000058174133,-0.07450000196695328,1.0370999574661255,0.2994999885559082,0.5375999808311462,0.3402999937534332,0.27239999175071716,-0.7218000292778015,-0.08299999684095383,1.0830999612808228,0.310699999332428,0.23070000112056732,0.4068000018596649,0.2248000055551529,-0.8549000024795532,-0.10360000282526016,1.1030999422073364,0.3301999866962433,-0.11069999635219574,0.47769999504089355,0.09350000321865082,-0.8665000200271606,-0.12359999865293503,1.1007000207901,0.3425000011920929,-0.2824999988079071,0.5105999708175659,0.013000000268220901,-0.8119000196456909,-0.1420000046491623,1.0922000408172607,0.35030001401901245,-0.2824999988079071,0.5105999708175659,0.013000000268220901,-0.8119000196456909,-0.0723000019788742,1.0355000495910645,0.3068000078201294,0.398499995470047,0.34439998865127563,0.48240000009536743,-0.6998999714851379,-0.07620000094175339,1.0716999769210815,0.3249000012874603,0.20890000462532043,0.4648999869823456,0.26840001344680786,-0.8174999952316284,-0.09399999678134918,1.0878000259399414,0.33799999952316284,-0.07729999721050262,0.5112000107765198,0.17710000276565552,-0.8374000191688538,-0.10989999771118164,1.0887999534606934,0.3463999927043915,-0.17679999768733978,0.5702000260353088,0.11140000075101852,-0.7944999933242798,-0.12849999964237213,1.0867999792099,0.3522999882698059,-0.17679999768733978,0.5702000260353088,0.11140000075101852,-0.7944999933242798
1771636680.328035,1056,759,3072.0,3072.0,3072.0,3072.0,3072.0,3072.0,3072.0,3072.0,2599.0,858.0,83.0,2418.0,2446.0,2513.0,2599.0,2650.0,3072.0,3072.0,3072.0,3072.0,3072.0,3072.0,3072.0,3072.0,2446.0,1379.0,288.0,2697.0,2641.0,2571.0,2703.0,2641.0,3038.0,3072.0,3072.0,3072.0,3072.0,3072.0,3072.0,3072.0,2653.0,1807.0,139.0,2633.0,2695.0,2633.0,2703.0,2641.0,3065.0,3072.0,2182.0,3072.0,3072.0,3072.0,3072.0,3072.0,3047.0,1607.0,2250.0,2706.0,2580.0,2560.0,2703.0,2641.0,3068.0,3072.0,2523.0,3072.0,3072.0,3072.0,3072.0,3072.0,2260.0,1543.0,2955.0,2404.0,2492.0,2513.0,2650.0,2641.0,3069.0,3072.0,3072.0,2962.0,3033.0,2754.0,2741.0,2839.0,2826.0,2892.0,3072.0,3064.0,2641.0,2706.0,2710.0,2650.0,3072.0,3072.0,3072.0,3072.0,3072.0,3072.0,3069.0,3072.0,2641.0,3070.0,3069.0,3062.0,2633.0,2633.0,2650.0,2641.0,3072.0,3072.0,3072.0,3072.0,3072.0,3072.0,3062.0,3062.0,2547.0,2939.0,2981.0,3066.0,2130.0,2211.0,2413.0,2550.0,3072.0,3068.0,3072.0,3072.0,3072.0,3072.0,3055.0,3057.0,3072.0,3072.0,3072.0,3066.0,2695.0,2633.0,2764.0,2641.0,2709.0,2983.0,2817.0,3072.0,3072.0,3072.0,3072.0,3072.0,3072.0,3072.0,3072.0,3066.0,2641.0,2633.0,2758.0,2695.0,3072.0,3072.0,3072.0,3072.0,3072.0,3072.0,3072.0,3072.0,3072.0,3072.0,3041.0,2571.0,2529.0,2633.0,2641.0,2641.0,3072.0,3072.0,3072.0,3072.0,3072.0,3072.0,3072.0,2806.0,3072.0,3072.0,3072.0,2513.0,2363.0,2571.0,2590.0,2641.0,2999.0,2821.0,2784.0,3054.0,3072.0,3072.0,3072.0,3072.0,3072.0,3072.0,3072.0,3072.0,837.0,205.0,3065.0,2100.0,3072.0,3072.0,3072.0,3072.0,3072.0,3072.0,3072.0,3072.0,3072.0,3072.0,3072.0,3072.0,2356.0,1780.0,1918.0,0.0,3072.0,3072.0,3072.0,3072.0,3072.0,3072.0,3072.0,3072.0,3072.0,3072.0,3072.0,3072.0,2731.0,2618.0,2529.0,91.0,3072.0,3072.0,3072.0,3072.0,3072.0,3072.0,3072.0,3072.0,3072.0,3072.0,3072.0,3072.0,3072.0,1323.0,751.0,0.0,-0.4860999882221222,0.8586000204086304,0.17329999804496765,0.5612000226974487,0.13420000672340393,-0.3750999867916107,-0.7254999876022339,-0.5212000012397766,0.9031999707221985,0.1987999975681305,0.5612000226974487,0.13420000672340393,-0.3750999867916107,-0.7254999876022339,-0.483599990606308,0.8981000185012817,0.19910000264644623,0.3677999973297119,0.22339999675750732,0.4242999851703644,-0.7968000173568726,-0.48500001430511475,0.9218999743461609,0.2184000015258789,0.10090000182390213,0.3560999929904938,0.2425999939441681,-0.8967999815940857,-0.5037999749183655,0.9332000017166138,0.24160000681877136,-0.17710000276565552,0.3815999925136566,0.20720000565052032,-0.8831999897956848,-0.5213000178337097,0.9307000041007996,0.2565999925136566,-0.17710000276565552,0.3815999925136566,0.20720000565052032,-0.8831999897956848,-0.49239999055862427,0.8942999839782715,0.19249999523162842,0.5612000226974487,0.13420000672340393,-0.3750999867916107,-0.7254999876022339,-0.5239999890327454,0.9380999803543091,0.20479999482631683,0.3953000009059906,0.060600001364946365,-0.35670000314712524,-0.8442999720573425,-0.5376999974250793,0.9603999853134155,0.22920000553131104,0.2867000102996826,0.00839999970048666,-0.38510000705718994,-0.8772000074386597,-0.5430999994277954,0.9718000292778015,0.2483000010251999,0.290800005197525,0.032999999821186066,-0.4065999984741211,-0.8654999732971191,-0.5501999855041504,0.9821000099182129,0.2653000056743622,0.290800005197525,0.032999999821186066,-0.4065999984741211,-0.8654999732971191,-0.5029000043869019,0.8824999928474426,0.1923000067472458,0.5612000226974487,0.13420000672340393,-0.3750999867916107,-0.7254999876022339,-0.5396000146865845,0.9239000082015991,0.2053000032901764,0.16130000352859497,-0.0284000001847744,-0.44449999928474426,-0.8806999921798706,-0.54339998960495,0.9365000128746033,0.243599995970726,-0.5562999844551086,-0.36090001463890076,-0.2802000045776367,-0.694100022315979,-0.5223000049591064,0.9217000007629395,0.2467000037431717,-0.8668000102043152,-0.4194999933242798,-0.11339999735355377,-0.2443999946117401,-0.5123000144958496,0.913100004196167,0.2272000014781952,-0.8668000102043152,-0.4194999933242798,-0.11339999735355377,-0.2443999946117401,-0.513700008392334,0.8716999888420105,0.19269999861717224,0.5612000226974487,0.13420000672340393,-0.3750999867916107,-0.7254999876022339,-0.5464000105857849,0.9064000248908997,0.21060000360012054,0.093299999833107,-0.08529999852180481,-0.48649999499320984,-0.8644999861717224,-0.5443999767303467,0.9153000116348267,0.24619999527931213,-0.5529000163078308,-0.43320000171661377,-0.3077999949455261,-0.6417999863624573,-0.5218999981880188,0.90420001745224,0.24660000205039978,-0.8133999705314636,-0.5317000150680542,-0.06310000270605087,-0.227400004863739,-0.5127999782562256,0.8966000080108643,0.22689999639987946,-0.8133999705314636,-0.5317000150680542,-0.06310000270605087,-0.227400004863739,-0.5171999931335449,0.8657000064849854,0.19709999859333038,0.5052000284194946,0.10869999974966049,-0.5945000052452087,-0.616100013256073,-0.548799991607666,0.8870000243186951,0.21719999611377716,0.0746999979019165,-0.17030000686645508,-0.5388000011444092,-0.8216000199317932,-0.5430999994277954,0.895799994468689,0.24410000443458557,-0.5113000273704529,-0.4878000020980835,-0.35670000314712524,-0.6110000014305115,-0.5246000289916992,0.890500009059906,0.24410000443458557,-0.7329000234603882,-0.6274999976158142,-0.08209999650716782,-0.24979999661445618,-0.5145999789237976,0.885200023651123,0.22679999470710754,-0.7329000234603882,-0.6274999976158142,-0.08209999650716782,-0.24979999661445618,-0.07320000231266022,1.0083999633789062,0.2793000042438507,0.5442000031471252,0.33809998631477356,0.2696000039577484,-0.7189000248908997,-0.08900000154972076,1.063599944114685,0.29269999265670776,0.5442000031471252,0.33809998631477356,0.2696000039577484,-0.7189000248908997,-0.10830000042915344,1.0358999967575073,0.2831000089645386,0.5074999928474426,0.13920000195503235,-0.6366000175476074,-0.5637999773025513,-0.1315000057220459,1.0472999811172485,0.296099990606308,0.4607999920845032,0.07020000368356705,-0.5681999921798706,-0.6782000064849854,-0.1501999944448471,1.0636999607086182,0.31310001015663147,0.525600016117096,0.1704999953508377,-0.6370000243186951,-0.5375000238418579,-0.16920000314712524,1.0714999437332153,0.3206000030040741,0.525600016117096,0.1704999953508377,-0.6370000243186951,-0.5375000238418579,-0.09759999811649323,1.0384000539779663,0.2818000018596649,0.5442000031471252,0.33809998631477356,0.2696000039577484,-0.7189000248908997,-0.10769999772310257,1.0895999670028687,0.28220000863075256,0.19539999961853027,0.3630000054836273,0.1264999955892563,-0.9021999835968018,-0.1281999945640564,1.104599952697754,0.304500013589859,-0.0754999965429306,0.38920000195503235,0.0430000014603138,-0.9169999957084656,-0.14380000531673431,1.1023000478744507,0.31929999589920044,-0.15449999272823334,0.36730000376701355,0.02590000070631504,-0.9168000221252441,-0.15719999372959137,1.0979000329971313,0.33340001106262207,-0.15449999272823334,0.36730000376701355,0.02590000070631504,-0.9168000221252441,-0.08560000360012054,1.0370999574661255,0.2906000018119812,0.5442000031471252,0.33809998631477356,0.2696000039577484,-0.7189000248908997,-0.09229999780654907,1.090000033378601,0.2948000133037567,0.21819999814033508,0.3930000066757202,0.1670999974012375,-0.8774999976158142,-0.11590000241994858,1.1096999645233154,0.3174999952316284,-0.12780000269412994,0.42980000376701355,0.02070000022649765,-0.8935999870300293,-0.13490000367164612,1.1045000553131104,0.33219999074935913,-0.2750000059604645,0.4255000054836273,0.012199999764561653,-0.8621000051498413,-0.15139999985694885,1.0950000286102295,0.34369999170303345,-0.2750000059604645,0.4255000054836273,0.012199999764561653,-0.8621000051498413,-0.07490000128746033,1.0365999937057495,0.2985000014305115,0.5442000031471252,0.33809998631477356,0.2696000039577484,-0.7189000248908997,-0.08309999853372574,1.082800030708313,0.3091000020503998,0.21160000562667847,0.40939998626708984,0.2125999927520752,-0.8616999983787537,-0.10450000315904617,1.1015000343322754,0.32910001277923584,-0.13089999556541443,0.4749000072479248,0.08179999887943268,-0.8664000034332275,-0.12439999729394913,1.0980000495910645,0.34130001068115234,-0.3034000098705292,0.505299985408783,0.002300000051036477,-0.8077999949455261,-0.14249999821186066,1.0885000228881836,0.34880000352859497,-0.3034000098705292,0.505299985408783,0.002300000051036477,-0.8077999949455261,-0.07259999960660934,1.035099983215332,0.3057999908924103,0.4058000147342682,0.3440000116825104,0.47999998927116394,-0.6974999904632568,-0.07620000094175339,1.0714999437332153,0.32339999079704285,0.18979999423027039,0.4699000120162964,0.2549000084400177,-0.8234999775886536,-0.09480000287294388,1.0865999460220337,0.3366999924182892,-0.09780000150203705,0.5108000040054321,0.1623000055551529,-0.8385999798774719,-0.11079999804496765,1.0866999626159668,0.3449999988079071,-0.19920000433921814,0.5680000185966492,0.09690000116825104,-0.7925999760627747,-0.12929999828338623,1.0836999416351318,0.3506999909877777,-0.19920000433921814,0.5680000185966492,0.09690000116825104,-0.7925999760627747
1771636680.367369,1096,839,3072.0,3072.0,3072.0,3072.0,3072.0,3072.0,3072.0,3072.0,2540.0,1001.0,290.0,2353.0,2446.0,2513.0,2540.0,2650.0,3072.0,3072.0,3072.0,3072.0,3072.0,3072.0,3072.0,2958.0,2446.0,1346.0,272.0,2772.0,2641.0,2571.0,2703.0,2703.0,3049.0,3072.0,3072.0,3072.0,3072.0,3072.0,3072.0,3072.0,2699.0,1700.0,429.0,2706.0,2695.0,2633.0,2641.0,2703.0,3070.0,3060.0,2263.0,3072.0,3072.0,3072.0,3072.0,3072.0,3009.0,1555.0,2189.0,2706.0,2641.0,2706.0,2641.0,2703.0,3072.0,3072.0,2742.0,3072.0,3072.0,3072.0,3072.0,3072.0,2144.0,1685.0,2890.0,2470.0,2492.0,2513.0,2590.0,2641.0,3069.0,3065.0,3072.0,2988.0,3031.0,2436.0,2796.0,2809.0,2734.0,2640.0,3019.0,3064.0,2641.0,2633.0,2590.0,2650.0,3072.0,3072.0,3072.0,3072.0,3072.0,3072.0,3069.0,3072.0,2580.0,3070.0,3068.0,3062.0,2633.0,2633.0,2650.0,2703.0,3072.0,3072.0,3072.0,3072.0,3072.0,3072.0,3068.0,3067.0,2097.0,2916.0,2947.0,3066.0,2130.0,2211.0,2358.0,2492.0,3072.0,3058.0,3072.0,3072.0,3069.0,3041.0,3054.0,3061.0,3072.0,3072.0,3072.0,3066.0,2695.0,2633.0,2641.0,2641.0,2797.0,2960.0,2825.0,3072.0,2956.0,3072.0,3072.0,3072.0,3072.0,3072.0,3072.0,3064.0,2580.0,2560.0,2695.0,2695.0,3072.0,3072.0,3072.0,3072.0,3072.0,3072.0,3072.0,3072.0,3072.0,3072.0,2915.0,2571.0,2529.0,2560.0,2641.0,2703.0,3072.0,3072.0,3072.0,3072.0,3072.0,3072.0,3072.0,2887.0,3072.0,3072.0,3072.0,2513.0,2363.0,2571.0,2590.0,2641.0,3072.0,2724.0,2809.0,3072.0,3072.0,3072.0,3072.0,3072.0,3072.0,3072.0,3072.0,3072.0,760.0,168.0,3072.0,1977.0,3072.0,3072.0,3072.0,3072.0,3072.0,3072.0,3072.0,3072.0,3072.0,3072.0,3072.0,3072.0,2329.0,1895.0,2111.0,0.0,3072.0,3072.0,3072.0,3072.0,3072.0,3072.0,3072.0,3072.0,3072.0,3072.0,3072.0,3072.0,2731.0,2618.0,2529.0,91.0,3072.0,3072.0,3072.0,3072.0,3072.0,3072.0,3072.0,3072.0,3072.0,3072.0,3072.0,3072.0,2987.0,1330.0,828.0,0.0,-0.4864000082015991,0.8580999970436096,0.17479999363422394,0.5667999982833862,0.13259999454021454,-0.3677999973297119,-0.7250999808311462,-0.5210999846458435,0.9032999873161316,0.1995999962091446,0.5667999982833862,0.13259999454021454,-0.3677999973297119,-0.7250999808311462,-0.483599990606308,0.8977000117301941,0.20029999315738678,0.37130001187324524,0.22630000114440918,0.4302999973297119,-0.7910000085830688,-0.4848000109195709,0.9217000007629395,0.21930000185966492,0.10260000079870224,0.36149999499320984,0.24619999527931213,-0.8934000134468079,-0.5037999749183655,0.9332000017166138,0.24220000207424164,-0.17440000176429749,0.387800008058548,0.2094999998807907,-0.8805000185966492,-0.521399974822998,0.9309999942779541,0.25699999928474426,-0.17440000176429749,0.387800008058548,0.2094999998807907,-0.8805000185966492,-0.49239999055862427,0.8939999938011169,0.19370000064373016,0.5667999982833862,0.13259999454021454,-0.3677999973297119,-0.7250999808311462,-0.5235000252723694,0.9381999969482422,0.2053000032901764,0.40310001373291016,0.061400000005960464,-0.34880000352859497,-0.8439000248908997,-0.5371999740600586,0.9610000252723694,0.22920000553131104,0.2946999967098236,0.009999999776482582,-0.3772999942302704,-0.8779000043869019,-0.5426999926567078,0.9726999998092651,0.24809999763965607,0.299699991941452,0.034699998795986176,-0.39899998903274536,-0.8658999800682068,-0.5498999953269958,0.983299970626831,0.26489999890327454,0.299699991941452,0.034699998795986176,-0.39899998903274536,-0.8658999800682068,-0.503000020980835,0.8823000192642212,0.19349999725818634,0.5667999982833862,0.13259999454021454,-0.3677999973297119,-0.7250999808311462,-0.5393000245094299,0.9243000149726868,0.20569999516010284,0.16769999265670776,-0.026799999177455902,-0.43709999322891235,-0.8833000063896179,-0.5432999730110168,0.9372000098228455,0.24379999935626984,-0.5523999929428101,-0.35359999537467957,-0.2773999869823456,-0.7020000219345093,-0.5224000215530396,0.9222000241279602,0.2475000023841858,-0.8662999868392944,-0.4122999906539917,-0.11699999868869781,-0.2565999925136566,-0.5121999979019165,0.9132000207901001,0.22830000519752502,-0.8662999868392944,-0.4122999906539917,-0.11699999868869781,-0.2565999925136566,-0.5139999985694885,0.8716999888420105,0.19380000233650208,0.5667999982833862,0.13259999454021454,-0.3677999973297119,-0.7250999808311462,-0.5464000105857849,0.9068999886512756,0.2110999971628189,0.10199999809265137,-0.08160000294446945,-0.4799000024795532,-0.8675000071525574,-0.5447999835014343,0.9162999987602234,0.24660000205039978,-0.5493999719619751,-0.42649999260902405,-0.30559998750686646,-0.6503000259399414,-0.5224999785423279,0.9049000144004822,0.24740000069141388,-0.8145999908447266,-0.5252000093460083,-0.06530000269412994,-0.23720000684261322,-0.5131999850273132,0.8968999981880188,0.2280000001192093,-0.8145999908447266,-0.5252000093460083,-0.06530000269412994,-0.23720000684261322,-0.5175999999046326,0.8658000230789185,0.19820000231266022,0.5113000273704529,0.10610000044107437,-0.5881999731063843,-0.6176000237464905,-0.5490999817848206,0.8876000046730042,0.21780000627040863,0.08720000088214874,-0.16380000114440918,-0.53329998254776,-0.8252999782562256,-0.5440000295639038,0.8967999815940857,0.24469999969005585,-0.5041999816894531,-0.4803999960422516,-0.3571999967098236,-0.6223999857902527,-0.525600016117096,0.8913999795913696,0.24529999494552612,-0.7325000166893005,-0.6219000220298767,-0.08579999953508377,-0.26350000500679016,-0.5152000188827515,0.885699987411499,0.22830000519752502,-0.7325000166893005,-0.6219000220298767,-0.08579999953508377,-0.26350000500679016,-0.07450000196695328,1.0075000524520874,0.27869999408721924,0.5539000034332275,0.3352000117301941,0.26339998841285706,-0.7150999903678894,-0.08990000188350677,1.063099980354309,0.29120001196861267,0.5539000034332275,0.3352000117301941,0.26339998841285706,-0.7150999903678894,-0.10939999669790268,1.0351999998092651,0.2824999988079071,0.5116000175476074,0.12399999797344208,-0.6378999948501587,-0.5620999932289124,-0.1324000060558319,1.0472999811172485,0.2955000102519989,0.4652999937534332,0.054499998688697815,-0.5677000284194946,-0.6769000291824341,-0.15049999952316284,1.0644999742507935,0.3124000132083893,0.5285999774932861,0.15469999611377716,-0.6392999887466431,-0.5365999937057495,-0.16940000653266907,1.072700023651123,0.3199999928474426,0.5285999774932861,0.15469999611377716,-0.6392999887466431,-0.5365999937057495,-0.09880000352859497,1.0377000570297241,0.2809999883174896,0.5539000034332275,0.3352000117301941,0.26339998841285706,-0.7150999903678894,-0.1088000014424324,1.0889999866485596,0.28040000796318054,0.19280000030994415,0.35749998688697815,0.12049999833106995,-0.9057999849319458,-0.1290999948978424,1.103700041770935,0.30309998989105225,-0.07800000160932541,0.3822000026702881,0.03929999843239784,-0.9200000166893005,-0.1445000022649765,1.101199984550476,0.3181000053882599,-0.15299999713897705,0.3598000109195709,0.024399999529123306,-0.9200999736785889,-0.15770000219345093,1.0967999696731567,0.33239999413490295,-0.15299999713897705,0.3598000109195709,0.024399999529123306,-0.9200999736785889,-0.08659999817609787,1.0365999937057495,0.2897000014781952,0.5539000034332275,0.3352000117301941,0.26339998841285706,-0.7150999903678894,-0.09309999644756317,1.0895999670028687,0.29269999265670776,0.20640000700950623,0.38989999890327454,0.15680000185966492,-0.8835999965667725,-0.11699999868869781,1.108299970626831,0.31610000133514404,-0.1412000060081482,0.42289999127388,0.012299999594688416,-0.8949999809265137,-0.13570000231266022,1.1023000478744507,0.33090001344680786,-0.2879999876022339,0.41679999232292175,0.004999999888241291,-0.8622000217437744,-0.1518000066280365,1.0921000242233276,0.3425000011920929,-0.2879999876022339,0.41679999232292175,0.004999999888241291,-0.8622000217437744,-0.07580000162124634,1.0362000465393066,0.29739999771118164,0.5539000034332275,0.3352000117301941,0.26339998841285706,-0.7150999903678894,-0.08370000123977661,1.0825999975204468,0.30709999799728394,0.19979999959468842,0.40860000252723694,0.20029999315738678,-0.8677999973297119,-0.10559999942779541,1.1003999710083008,0.32749998569488525,-0.14419999718666077,0.4693000018596649,0.07090000063180923,-0.8683000206947327,-0.12540000677108765,1.0959999561309814,0.33980000019073486,-0.31850001215934753,0.4975000023841858,-0.007600000128149986,-0.8068000078201294,-0.14309999346733093,1.085800051689148,0.3472999930381775,-0.31850001215934753,0.4975000023841858,-0.007600000128149986,-0.8068000078201294,-0.07339999824762344,1.0348000526428223,0.3046000003814697,0.41679999232292175,0.34360000491142273,0.474700003862381,-0.6948999762535095,-0.07670000195503235,1.0715999603271484,0.3215999901294708,0.17339999973773956,0.47290000319480896,0.2386000007390976,-0.830299973487854,-0.09600000083446503,1.0857000350952148,0.335099995136261,-0.11649999767541885,0.5078999996185303,0.14509999752044678,-0.8410999774932861,-0.11209999769926071,1.0848000049591064,0.3434000015258789,-0.22259999811649323,0.5633000135421753,0.07880000025033951,-0.7918000221252441,-0.13040000200271606,1.0807000398635864,0.3488999903202057,-0.22259999811649323,0.5633000135421753,0.07880000025033951,-0.7918000221252441
1771636680.408329,1138,767,3072.0,3072.0,3072.0,3072.0,3072.0,3072.0,3072.0,3072.0,2599.0,1030.0,378.0,2353.0,2446.0,2583.0,2540.0,2650.0,3072.0,3072.0,3072.0,3072.0,3072.0,3072.0,3072.0,3072.0,2446.0,1240.0,288.0,2697.0,2641.0,2571.0,2641.0,2641.0,3038.0,3072.0,3072.0,3072.0,3072.0,3072.0,3072.0,3072.0,2653.0,1667.0,0.0,2706.0,2695.0,2706.0,2703.0,2703.0,3067.0,3021.0,2182.0,3072.0,3072.0,3072.0,3072.0,3072.0,3009.0,1146.0,2052.0,2706.0,2641.0,2633.0,2641.0,2764.0,3070.0,3027.0,2742.0,3072.0,3072.0,3072.0,3072.0,3072.0,2260.0,1364.0,2705.0,2470.0,2492.0,2513.0,2650.0,2703.0,3069.0,3065.0,3072.0,2971.0,3035.0,2118.0,2786.0,2880.0,2780.0,2582.0,2963.0,3064.0,2703.0,2633.0,2650.0,2590.0,3072.0,3072.0,3072.0,3072.0,3072.0,3072.0,3069.0,3072.0,2580.0,3070.0,3068.0,3062.0,2633.0,2633.0,2650.0,2703.0,3072.0,3072.0,3072.0,3072.0,3072.0,3072.0,3065.0,3066.0,2097.0,2877.0,2937.0,3066.0,2130.0,2211.0,2413.0,2550.0,3072.0,3058.0,3072.0,3070.0,3072.0,3072.0,3054.0,3060.0,3072.0,3072.0,3072.0,3066.0,2695.0,2706.0,2703.0,2641.0,2798.0,2998.0,2896.0,3072.0,3013.0,3072.0,3072.0,3072.0,3072.0,3072.0,3072.0,3064.0,2641.0,2633.0,2695.0,2695.0,3072.0,3072.0,3072.0,3072.0,3072.0,3072.0,3072.0,3072.0,3072.0,3038.0,2994.0,2714.0,2590.0,2560.0,2641.0,2641.0,3072.0,3072.0,3072.0,3072.0,3072.0,3072.0,3072.0,2850.0,3072.0,3072.0,3072.0,2373.0,2422.0,2571.0,2590.0,2641.0,3072.0,2791.0,2885.0,3037.0,3072.0,3072.0,3072.0,3072.0,3072.0,3072.0,3072.0,3072.0,612.0,26.0,3072.0,1685.0,3072.0,3072.0,3072.0,3072.0,3072.0,3072.0,3072.0,3072.0,3072.0,3072.0,3072.0,3072.0,2188.0,1581.0,1850.0,0.0,3072.0,3072.0,3072.0,3072.0,3072.0,3072.0,3072.0,3072.0,3072.0,3072.0,3072.0,3072.0,2638.0,2724.0,2468.0,0.0,3072.0,3072.0,3072.0,3072.0,3072.0,3072.0,3072.0,3072.0,3072.0,3072.0,3072.0,3072.0,2958.0,1194.0,462.0,0.0,-0.4864000082015991,0.8578000068664551,0.17599999904632568,0.5691999793052673,0.12970000505447388,-0.3650999963283539,-0.7250999808311462,-0.520799994468689,0.9034000039100647,0.2004999965429306,0.5691999793052673,0.12970000505447388,-0.3650999963283539,-0.7250999808311462,-0.48330000042915344,0.8974999785423279,0.2012999951839447,0.37439998984336853,0.22599999606609344,0.4327999949455261,-0.7882999777793884,-0.48429998755455017,0.9215999841690063,0.22020000219345093,0.10480000078678131,0.362199991941452,0.24819999933242798,-0.892300009727478,-0.5031999945640564,0.9332000017166138,0.24289999902248383,-0.17059999704360962,0.3887999951839447,0.21209999918937683,-0.8802000284194946,-0.5209000110626221,0.9312000274658203,0.25780001282691956,-0.17059999704360962,0.3887999951839447,0.21209999918937683,-0.8802000284194946,-0.4921000003814697,0.8938000202178955,0.19470000267028809,0.5691999793052673,0.12970000505447388,-0.3650999963283539,-0.7250999808311462,-0.5228000283241272,0.9383000135421753,0.2061000019311905,0.4075999855995178,0.05999999865889549,-0.34549999237060547,-0.8431000113487244,-0.5364999771118164,0.9613999724388123,0.2296999990940094,0.2992999851703644,0.008999999612569809,-0.37389999628067017,-0.8777999877929688,-0.5419999957084656,0.9732000231742859,0.2485000044107437,0.305400013923645,0.03400000184774399,-0.39570000767707825,-0.8654000163078308,-0.5490999817848206,0.9840999841690063,0.26510000228881836,0.305400013923645,0.03400000184774399,-0.39570000767707825,-0.8654000163078308,-0.5027999877929688,0.8822000026702881,0.19449999928474426,0.5691999793052673,0.12970000505447388,-0.3650999963283539,-0.7250999808311462,-0.5386999845504761,0.9244999885559082,0.20649999380111694,0.1687999963760376,-0.02889999933540821,-0.4332999885082245,-0.8848000168800354,-0.5425999760627747,0.9376000165939331,0.24459999799728394,-0.5529000163078308,-0.3522000014781952,-0.2732999920845032,-0.7039999961853027,-0.5218999981880188,0.9223999977111816,0.24819999933242798,-0.8671000003814697,-0.4088999927043915,-0.1152999997138977,-0.26019999384880066,-0.5116999745368958,0.9132000207901001,0.22910000383853912,-0.8671000003814697,-0.4088999927043915,-0.1152999997138977,-0.26019999384880066,-0.5138999819755554,0.8716999888420105,0.1949000060558319,0.5691999793052673,0.12970000505447388,-0.3650999963283539,-0.7250999808311462,-0.5460000038146973,0.9071999788284302,0.21199999749660492,0.10329999774694443,-0.08340000361204147,-0.47600001096725464,-0.8694000244140625,-0.5443000197410583,0.916700005531311,0.2475000023841858,-0.5507000088691711,-0.4253999888896942,-0.3012000024318695,-0.6518999934196472,-0.5220999717712402,0.9050999879837036,0.24819999933242798,-0.8166000247001648,-0.5218999981880188,-0.06239999830722809,-0.23839999735355377,-0.5128999948501587,0.8970000147819519,0.2287999987602234,-0.8166000247001648,-0.5218999981880188,-0.06239999830722809,-0.23839999735355377,-0.5174999833106995,0.8658000230789185,0.19939999282360077,0.5134000182151794,0.10279999673366547,-0.5859000086784363,-0.6186000108718872,-0.5489000082015991,0.8880000114440918,0.21879999339580536,0.09149999916553497,-0.16369999945163727,-0.5297999978065491,-0.8270999789237976,-0.5437999963760376,0.8974000215530396,0.24570000171661377,-0.5027999877929688,-0.47870001196861267,-0.3544999957084656,-0.6263999938964844,-0.5254999995231628,0.8917999863624573,0.24639999866485596,-0.7336000204086304,-0.6191999912261963,-0.08389999717473984,-0.267300009727478,-0.5151000022888184,0.8859999775886536,0.22949999570846558,-0.7336000204086304,-0.6191999912261963,-0.08389999717473984,-0.267300009727478,-0.07580000162124634,1.0068999528884888,0.2784000039100647,0.5644999742507935,0.3328999876976013,0.2563999891281128,-0.7103999853134155,-0.09099999815225601,1.0628000497817993,0.2897999882698059,0.5644999742507935,0.3328999876976013,0.2563999891281128,-0.7103999853134155,-0.11069999635219574,1.0348000526428223,0.28209999203681946,0.5166000127792358,0.10750000178813934,-0.6394000053405762,-0.5591999888420105,-0.13339999318122864,1.0475000143051147,0.29499998688697815,0.4708999991416931,0.03759999945759773,-0.567300021648407,-0.6746000051498413,-0.1509999930858612,1.0654000043869019,0.3116999864578247,0.5325999855995178,0.13760000467300415,-0.641700029373169,-0.5343999862670898,-0.1696999967098236,1.0742000341415405,0.31929999589920044,0.5325999855995178,0.13760000467300415,-0.641700029373169,-0.5343999862670898,-0.10010000318288803,1.0370999574661255,0.28029999136924744,0.5644999742507935,0.3328999876976013,0.2563999891281128,-0.7103999853134155,-0.10999999940395355,1.0885000228881836,0.2786000072956085,0.19509999454021454,0.3522000014781952,0.11460000276565552,-0.9082000255584717,-0.13009999692440033,1.1031999588012695,0.30149999260902405,-0.07360000163316727,0.37540000677108765,0.03620000183582306,-0.9232000112533569,-0.1453000009059906,1.1008000373840332,0.31679999828338623,-0.14419999718666077,0.35269999504089355,0.023900000378489494,-0.9243000149726868,-0.1582999974489212,1.0966999530792236,0.3314000070095062,-0.14419999718666077,0.35269999504089355,0.023900000378489494,-0.9243000149726868,-0.08780000358819962,1.0362000465393066,0.2888999879360199,0.5644999742507935,0.3328999876976013,0.2563999891281128,-0.7103999853134155,-0.094200000166893,1.089400053024292,0.2906999886035919,0.20350000262260437,0.38600000739097595,0.1485999971628189,-0.8873999714851379,-0.11810000240802765,1.1075999736785889,0.31439998745918274,-0.14419999718666077,0.41620001196861267,0.006599999964237213,-0.8977000117301941,-0.13650000095367432,1.1014000177383423,0.3294999897480011,-0.2906000018119812,0.4092000126838684,0.0006000000284984708,-0.8648999929428101,-0.15240000188350677,1.090999960899353,0.34119999408721924,-0.2906000018119812,0.4092000126838684,0.0006000000284984708,-0.8648999929428101,-0.07689999788999557,1.0360000133514404,0.2964000105857849,0.5644999742507935,0.3328999876976013,0.2563999891281128,-0.7103999853134155,-0.08460000157356262,1.0827000141143799,0.3050999939441681,0.19660000503063202,0.40639999508857727,0.19050000607967377,-0.8716999888420105,-0.10670000314712524,1.100000023841858,0.32580000162124634,-0.14800000190734863,0.4636000096797943,0.06319999694824219,-0.8712999820709229,-0.12630000710487366,1.0952999591827393,0.33820000290870667,-0.32420000433921814,0.4903999865055084,-0.014600000344216824,-0.8087999820709229,-0.1436000019311905,1.0846999883651733,0.3458999991416931,-0.32420000433921814,0.4903999865055084,-0.014600000344216824,-0.8087999820709229,-0.07440000027418137,1.0347000360488892,0.3037000000476837,0.428600013256073,0.3441999852657318,0.4684000015258789,-0.6916999816894531,-0.07739999890327454,1.0720000267028809,0.3197999894618988,0.16439999639987946,0.47380000352859497,0.22499999403953552,-0.8353999853134155,-0.09709999710321426,1.0853999853134155,0.33340001106262207,-0.12710000574588776,0.5041000247001648,0.1315000057220459,-0.8440999984741211,-0.11309999972581863,1.083899974822998,0.3418000042438507,-0.23819999396800995,0.5582000017166138,0.06379999965429306,-0.7922000288963318,-0.13130000233650208,1.0789999961853027,0.3472000062465668,-0.23819999396800995,0.5582000017166138,0.06379999965429306,-0.7922000288963318
1771636680.449529,1179,740,3072.0,3072.0,3072.0,3072.0,3072.0,3072.0,3072.0,3072.0,2599.0,1059.0,449.0,2483.0,2446.0,2513.0,2599.0,2650.0,3072.0,3072.0,3072.0,3072.0,3072.0,3072.0,3072.0,3042.0,2446.0,1174.0,150.0,2772.0,2641.0,2571.0,2703.0,2641.0,3038.0,3072.0,3072.0,3072.0,3072.0,3072.0,3072.0,3070.0,2653.0,1613.0,0.0,2706.0,2758.0,2633.0,2703.0,2641.0,3070.0,3072.0,2344.0,3072.0,3072.0,3072.0,3072.0,3072.0,3034.0,1226.0,1908.0,2779.0,2641.0,2633.0,2703.0,2703.0,3070.0,3027.0,2742.0,3072.0,3072.0,3072.0,3072.0,3072.0,2260.0,1364.0,2705.0,2470.0,2492.0,2513.0,2650.0,2703.0,3069.0,3065.0,3072.0,3025.0,3052.0,2542.0,2652.0,2817.0,2795.0,1918.0,2878.0,3064.0,2641.0,2633.0,2650.0,2650.0,3072.0,3072.0,3072.0,3072.0,3072.0,3072.0,3069.0,3072.0,2580.0,3070.0,3068.0,3062.0,2633.0,2633.0,2590.0,2703.0,3072.0,3072.0,3072.0,3072.0,3072.0,3072.0,3065.0,3068.0,2247.0,2853.0,2918.0,3065.0,2130.0,2211.0,2413.0,2550.0,3072.0,3062.0,3072.0,3072.0,3072.0,3072.0,3058.0,3063.0,3072.0,3072.0,3072.0,3065.0,2695.0,2633.0,2703.0,2641.0,2706.0,2991.0,2870.0,3072.0,2993.0,3072.0,3072.0,3072.0,3072.0,3072.0,3072.0,3066.0,2641.0,2633.0,2695.0,2695.0,3072.0,3072.0,3072.0,3072.0,3072.0,3072.0,3072.0,3072.0,3072.0,3026.0,2977.0,2571.0,2529.0,2633.0,2641.0,2641.0,3072.0,3072.0,3072.0,3072.0,3072.0,3072.0,3072.0,2849.0,3072.0,3072.0,3072.0,2373.0,2422.0,2571.0,2590.0,2641.0,3072.0,2914.0,2898.0,2979.0,3072.0,3072.0,3072.0,3072.0,3072.0,3072.0,3072.0,3072.0,264.0,0.0,2983.0,1539.0,3072.0,3072.0,3072.0,3072.0,3072.0,3072.0,3072.0,3072.0,3072.0,3072.0,3072.0,3072.0,2141.0,1696.0,1860.0,0.0,3072.0,3072.0,3072.0,3072.0,3072.0,3072.0,3072.0,3072.0,3072.0,3072.0,3072.0,3072.0,2545.0,2639.0,2485.0,0.0,3072.0,3072.0,3072.0,3072.0,3072.0,3072.0,3072.0,3072.0,3072.0,3072.0,3072.0,3072.0,2862.0,1160.0,539.0,0.0,-0.486299991607666,0.8574000000953674,0.17749999463558197,0.5712000131607056,0.12639999389648438,-0.36340001225471497,-0.7250000238418579,-0.5202999711036682,0.9032999873161316,0.20180000364780426,0.5712000131607056,0.12639999389648438,-0.36340001225471497,-0.7250000238418579,-0.4828999936580658,0.8971999883651733,0.20250000059604645,0.3776000142097473,0.22529999911785126,0.43459999561309814,-0.7860000133514404,-0.4837000072002411,0.9214000105857849,0.22130000591278076,0.1080000028014183,0.3619999885559082,0.25,-0.8914999961853027,-0.5024999976158142,0.9332000017166138,0.24400000274181366,-0.1648000031709671,0.388700008392334,0.21529999375343323,-0.8805999755859375,-0.5202000141143799,0.9315000176429749,0.258899986743927,-0.1648000031709671,0.388700008392334,0.21529999375343323,-0.8805999755859375,-0.4918000102043152,0.8934999704360962,0.19589999318122864,0.5712000131607056,0.12639999389648438,-0.36340001225471497,-0.7250000238418579,-0.5221999883651733,0.9383000135421753,0.20720000565052032,0.41100001335144043,0.05790000036358833,-0.34310001134872437,-0.8425999879837036,-0.5357000231742859,0.9616000056266785,0.2305999994277954,0.302700012922287,0.007199999876320362,-0.37130001187324524,-0.8777999877929688,-0.541100025177002,0.9735999703407288,0.2493000030517578,0.3100000023841858,0.032600000500679016,-0.39320001006126404,-0.8650000095367432,-0.54830002784729,0.9846000075340271,0.26570001244544983,0.3100000023841858,0.032600000500679016,-0.39320001006126404,-0.8650000095367432,-0.5024999976158142,0.8820000290870667,0.19589999318122864,0.5712000131607056,0.12639999389648438,-0.36340001225471497,-0.7250000238418579,-0.538100004196167,0.9246000051498413,0.2076999992132187,0.1696999967098236,-0.03150000050663948,-0.4302999973297119,-0.8859999775886536,-0.5418000221252441,0.9377999901771545,0.24570000171661377,-0.553600013256073,-0.35179999470710754,-0.26919999718666077,-0.7052000164985657,-0.5212000012397766,0.9225000143051147,0.2493000030517578,-0.8683000206947327,-0.40630000829696655,-0.11230000108480453,-0.2612999975681305,-0.5110999941825867,0.9132000207901001,0.23019999265670776,-0.8683000206947327,-0.40630000829696655,-0.11230000108480453,-0.2612999975681305,-0.513700008392334,0.8715999722480774,0.19629999995231628,0.5712000131607056,0.12639999389648438,-0.36340001225471497,-0.7250000238418579,-0.5454999804496765,0.9072999954223633,0.21330000460147858,0.10360000282526016,-0.08630000054836273,-0.4726000130176544,-0.8708999752998352,-0.5436000227928162,0.9169999957084656,0.24869999289512634,-0.5527999997138977,-0.4253999888896942,-0.2962000072002411,-0.652400016784668,-0.5214999914169312,0.9052000045776367,0.2493000030517578,-0.8187999725341797,-0.5192000269889832,-0.058400001376867294,-0.2379000037908554,-0.512499988079071,0.8968999981880188,0.22990000247955322,-0.8187999725341797,-0.5192000269889832,-0.058400001376867294,-0.2379000037908554,-0.5174000263214111,0.8658000230789185,0.20080000162124634,0.5149000287055969,0.09920000284910202,-0.5843999981880188,-0.6193000078201294,-0.5485000014305115,0.8881999850273132,0.22010000050067902,0.09149999916553497,-0.16680000722408295,-0.5260999798774719,-0.8288999795913696,-0.5432999730110168,0.897599995136261,0.24699999392032623,-0.5054000020027161,-0.47909998893737793,-0.3490000069141388,-0.6270999908447266,-0.5249999761581421,0.8919000029563904,0.2475000023841858,-0.7365999817848206,-0.6169000267982483,-0.0786999985575676,-0.26600000262260437,-0.5148000121116638,0.8859000205993652,0.2305999994277954,-0.7365999817848206,-0.6169000267982483,-0.0786999985575676,-0.26600000262260437,-0.0771000012755394,1.0063999891281128,0.2784999907016754,0.5706999897956848,0.33250001072883606,0.25290000438690186,-0.7069000005722046,-0.09210000187158585,1.0625,0.2890999913215637,0.5706999897956848,0.33250001072883606,0.25290000438690186,-0.7069000005722046,-0.11190000176429749,1.0343999862670898,0.28209999203681946,0.5198000073432922,0.09719999879598618,-0.6396999955177307,-0.5577999949455261,-0.13429999351501465,1.0476000308990479,0.29490000009536743,0.47360000014305115,0.02630000002682209,-0.5665000081062317,-0.6739000082015991,-0.15160000324249268,1.065999984741211,0.31150001287460327,0.5349000096321106,0.12700000405311584,-0.642799973487854,-0.5333999991416931,-0.17010000348091125,1.0750000476837158,0.3192000091075897,0.5349000096321106,0.12700000405311584,-0.642799973487854,-0.5333999991416931,-0.10130000114440918,1.0367000102996826,0.2800999879837036,0.5706999897956848,0.33250001072883606,0.25290000438690186,-0.7069000005722046,-0.11110000312328339,1.0880000591278076,0.2775999903678894,0.19099999964237213,0.3506999909877777,0.10949999839067459,-0.9101999998092651,-0.13130000233650208,1.1023999452590942,0.30070000886917114,-0.07069999724626541,0.37220001220703125,0.03480000048875809,-0.9247999787330627,-0.14640000462532043,1.100100040435791,0.31619998812675476,-0.13600000739097595,0.3492000102996826,0.024900000542402267,-0.926800012588501,-0.15929999947547913,1.0963000059127808,0.33090001344680786,-0.13600000739097595,0.3492000102996826,0.024900000542402267,-0.926800012588501,-0.08889999985694885,1.0358999967575073,0.28859999775886536,0.5706999897956848,0.33250001072883606,0.25290000438690186,-0.7069000005722046,-0.09520000219345093,1.0891000032424927,0.2897000014781952,0.19930000603199005,0.38499999046325684,0.14339999854564667,-0.8896999955177307,-0.1193000003695488,1.1068999767303467,0.31360000371932983,-0.1451999992132187,0.4133000075817108,0.0038999998942017555,-0.8988999724388123,-0.13760000467300415,1.100600004196167,0.3287000060081482,-0.2906000018119812,0.4059000015258789,-0.0012000000569969416,-0.8664000034332275,-0.15330000221729279,1.0901000499725342,0.34060001373291016,-0.2906000018119812,0.4059000015258789,-0.0012000000569969416,-0.8664000034332275,-0.0778999999165535,1.0356999635696411,0.29600000381469727,0.5706999897956848,0.33250001072883606,0.25290000438690186,-0.7069000005722046,-0.08560000360012054,1.0825999975204468,0.30410000681877136,0.1914999932050705,0.4065999984741211,0.18400000035762787,-0.8741000294685364,-0.10790000110864639,1.0994999408721924,0.3249000012874603,-0.1501999944448471,0.460999995470047,0.05900000035762787,-0.8726000189781189,-0.1273999959230423,1.094599962234497,0.3375000059604645,-0.32670000195503235,0.4869999885559082,-0.01810000091791153,-0.8098000288009644,-0.1446000039577484,1.083799958229065,0.3452000021934509,-0.32670000195503235,0.4869999885559082,-0.01810000091791153,-0.8098000288009644,-0.07540000230073929,1.034600019454956,0.30329999327659607,0.4352000057697296,0.34549999237060547,0.4652000069618225,-0.6891000270843506,-0.07829999923706055,1.0721999406814575,0.3188999891281128,0.15219999849796295,0.4763999879360199,0.21469999849796295,-0.8389000296592712,-0.09849999845027924,1.0848000049591064,0.3325999975204468,-0.13910000026226044,0.5026000142097473,0.12099999934434891,-0.8446000218391418,-0.1145000010728836,1.0827000141143799,0.3409000039100647,-0.2517000138759613,0.5552999973297119,0.05350000038743019,-0.7907999753952026,-0.13249999284744263,1.0771000385284424,0.34619998931884766,-0.2517000138759613,0.5552999973297119,0.05350000038743019,-0.7907999753952026
1771636680.493343,1223,685,3072.0,3072.0,3072.0,3072.0,3072.0,3072.0,3072.0,3072.0,2599.0,1073.0,294.0,2418.0,2446.0,2583.0,2599.0,2590.0,3072.0,3072.0,3072.0,3072.0,3072.0,3072.0,3072.0,3072.0,2446.0,1141.0,10.0,2697.0,2641.0,2571.0,2641.0,2641.0,3038.0,3072.0,3072.0,3072.0,3072.0,3072.0,3072.0,2990.0,2653.0,1593.0,0.0,2706.0,2695.0,2706.0,2703.0,2703.0,3070.0,3072.0,2344.0,3072.0,3072.0,3072.0,3072.0,3072.0,3034.0,1203.0,1886.0,2706.0,2641.0,2633.0,2703.0,2703.0,3072.0,3072.0,2962.0,3072.0,3072.0,3072.0,3072.0,3072.0,2318.0,1054.0,2644.0,2470.0,2492.0,2513.0,2590.0,2641.0,3064.0,3072.0,3072.0,3053.0,3052.0,2542.0,2664.0,2793.0,2795.0,1266.0,2785.0,3063.0,2641.0,2633.0,2650.0,2590.0,3072.0,3072.0,3072.0,3072.0,3072.0,3072.0,3069.0,3070.0,2641.0,3068.0,3068.0,3061.0,2570.0,2560.0,2590.0,2703.0,3072.0,3072.0,3072.0,3072.0,3072.0,3072.0,3064.0,3063.0,2172.0,2737.0,2932.0,3066.0,2130.0,2211.0,2358.0,2550.0,3072.0,3072.0,3072.0,3072.0,3072.0,3041.0,3053.0,3057.0,3072.0,3072.0,3072.0,3066.0,2695.0,2633.0,2641.0,2703.0,2741.0,2982.0,2831.0,3072.0,3072.0,3072.0,3072.0,3072.0,3072.0,3072.0,3072.0,3066.0,2641.0,2560.0,2758.0,2758.0,3072.0,3072.0,3072.0,3072.0,3072.0,3072.0,3072.0,3072.0,3072.0,3042.0,2936.0,2643.0,2529.0,2633.0,2641.0,2641.0,3072.0,3072.0,3072.0,3072.0,3072.0,3072.0,3072.0,2802.0,3072.0,3072.0,3072.0,2443.0,2481.0,2571.0,2650.0,2641.0,3072.0,2901.0,2888.0,3039.0,3072.0,3072.0,3072.0,3072.0,3072.0,3072.0,3072.0,3072.0,101.0,0.0,3034.0,1589.0,3072.0,3072.0,3072.0,3072.0,3072.0,3072.0,3072.0,3072.0,3072.0,3072.0,3072.0,3072.0,2096.0,1696.0,1823.0,0.0,3072.0,3072.0,3072.0,3072.0,3072.0,3072.0,3072.0,3072.0,3072.0,3072.0,3072.0,3072.0,2449.0,2590.0,2494.0,0.0,3072.0,3072.0,3072.0,3072.0,3072.0,3072.0,3072.0,3072.0,3072.0,3072.0,3072.0,3072.0,2914.0,1194.0,667.0,0.0,-0.48590001463890076,0.8571000099182129,0.17890000343322754,0.5738999843597412,0.12250000238418579,-0.36059999465942383,-0.7250000238418579,-0.5194000005722046,0.9034000039100647,0.2029999941587448,0.5738999843597412,0.12250000238418579,-0.36059999465942383,-0.7250000238418579,-0.4821000099182129,0.8970000147819519,0.2037000060081482,0.3815000057220459,0.22450000047683716,0.4372999966144562,-0.782800018787384,-0.48260000348091125,0.9212999939918518,0.2222999930381775,0.11299999803304672,0.3617999851703644,0.25290000438690186,-0.8901000022888184,-0.5012999773025513,0.9334999918937683,0.24490000307559967,-0.15649999678134918,0.3887999951839447,0.2199999988079071,-0.8809000253677368,-0.5188000202178955,0.932200014591217,0.25999999046325684,-0.15649999678134918,0.3887999951839447,0.2199999988079071,-0.8809000253677368,-0.4909999966621399,0.8932999968528748,0.19709999859333038,0.5738999843597412,0.12250000238418579,-0.36059999465942383,-0.7250000238418579,-0.5209000110626221,0.9383999705314636,0.20810000598430634,0.41429999470710754,0.054999999701976776,-0.3395000100135803,-0.8427000045776367,-0.5342000126838684,0.9620000123977661,0.2313999980688095,0.3061999976634979,0.004800000227987766,-0.36730000376701355,-0.8781999945640564,-0.5396000146865845,0.9742000102996826,0.2498999983072281,0.31470000743865967,0.030500000342726707,-0.38940000534057617,-0.8651000261306763,-0.5467000007629395,0.9854999780654907,0.2662999927997589,0.31470000743865967,0.030500000342726707,-0.38940000534057617,-0.8651000261306763,-0.501800000667572,0.8820000290870667,0.1972000002861023,0.5738999843597412,0.12250000238418579,-0.36059999465942383,-0.7250000238418579,-0.5370000004768372,0.9248999953269958,0.20880000293254852,0.17100000381469727,-0.03449999913573265,-0.4259999990463257,-0.8877000212669373,-0.5404000282287598,0.9383999705314636,0.2467000037431717,-0.5541999936103821,-0.350600004196167,-0.26420000195503235,-0.7073000073432922,-0.5199999809265137,0.9229000210762024,0.25029999017715454,-0.8700000047683716,-0.4025999903678894,-0.10890000313520432,-0.2630999982357025,-0.5101000070571899,0.9133999943733215,0.23119999468326569,-0.8700000047683716,-0.4025999903678894,-0.10890000313520432,-0.2630999982357025,-0.5131000280380249,0.8715999722480774,0.19769999384880066,0.5738999843597412,0.12250000238418579,-0.36059999465942383,-0.7250000238418579,-0.5444999933242798,0.907800018787384,0.21439999341964722,0.10509999841451645,-0.08889999985694885,-0.46810001134872437,-0.8729000091552734,-0.5424000024795532,0.9175999760627747,0.24969999492168427,-0.5541999936103821,-0.4244000017642975,-0.290800005197525,-0.6542999744415283,-0.5205000042915344,0.9056000113487244,0.25040000677108765,-0.8210999965667725,-0.515500009059906,-0.0544000007212162,-0.23899999260902405,-0.5116999745368958,0.8971999883651733,0.23100000619888306,-0.8210999965667725,-0.515500009059906,-0.0544000007212162,-0.23899999260902405,-0.5167999863624573,0.8658999800682068,0.2021999955177307,0.5170000195503235,0.09489999711513519,-0.5819000005722046,-0.6205000281333923,-0.5476999878883362,0.888700008392334,0.22139999270439148,0.09260000288486481,-0.1695999950170517,-0.5213000178337097,-0.8312000036239624,-0.5422999858856201,0.8982999920845032,0.24809999763965607,-0.5078999996185303,-0.4787999987602234,-0.3427000045776367,-0.6287999749183655,-0.5242000222206116,0.892300009727478,0.24860000610351562,-0.7401000261306763,-0.6134999990463257,-0.0729999989271164,-0.2655999958515167,-0.51419997215271,0.8862000107765198,0.23160000145435333,-0.7401000261306763,-0.6134999990463257,-0.0729999989271164,-0.2655999958515167,-0.07760000228881836,1.0059000253677368,0.27889999747276306,0.570900022983551,0.33399999141693115,0.25609999895095825,-0.7049999833106995,-0.0925000011920929,1.0621000528335571,0.28940001130104065,0.570900022983551,0.33399999141693115,0.25609999895095825,-0.7049999833106995,-0.11230000108480453,1.03410005569458,0.2824000120162964,0.520799994468689,0.0940999984741211,-0.6371999979019165,-0.5602999925613403,-0.13459999859333038,1.0476000308990479,0.295199990272522,0.47200000286102295,0.0215000007301569,-0.5634999871253967,-0.6776999831199646,-0.15160000324249268,1.066100001335144,0.31189998984336853,0.5353000164031982,0.12389999628067017,-0.6406999826431274,-0.536300003528595,-0.17000000178813934,1.0753999948501587,0.319599986076355,0.5353000164031982,0.12389999628067017,-0.6406999826431274,-0.536300003528595,-0.10170000046491623,1.0363999605178833,0.28040000796318054,0.570900022983551,0.33399999141693115,0.25609999895095825,-0.7049999833106995,-0.11129999905824661,1.0877000093460083,0.2777000069618225,0.1720999926328659,0.3555999994277954,0.10350000113248825,-0.9128000140190125,-0.13210000097751617,1.1008000373840332,0.3009999990463257,-0.0729999989271164,0.3741999864578247,0.03460000082850456,-0.923799991607666,-0.14720000326633453,1.0985000133514404,0.3163999915122986,-0.12999999523162842,0.35100001096725464,0.027899999171495438,-0.9269000291824341,-0.16019999980926514,1.0949000120162964,0.3312000036239624,-0.12999999523162842,0.35100001096725464,0.027899999171495438,-0.9269000291824341,-0.08940000087022781,1.035599946975708,0.289000004529953,0.570900022983551,0.33399999141693115,0.25609999895095825,-0.7049999833106995,-0.09560000151395798,1.0887000560760498,0.2897999882698059,0.18369999527931213,0.3896999955177307,0.1395999938249588,-0.8916000127792358,-0.12020000070333481,1.1053999662399292,0.3138999938964844,-0.14839999377727509,0.41609999537467957,0.00419999985024333,-0.8970999717712402,-0.13860000669956207,1.0989999771118164,0.328900009393692,-0.29159998893737793,0.40860000252723694,-0.0006000000284984708,-0.8648999929428101,-0.15440000593662262,1.0885000228881836,0.3407000005245209,-0.29159998893737793,0.40860000252723694,-0.0006000000284984708,-0.8648999929428101,-0.07850000262260437,1.0353000164031982,0.2964000105857849,0.570900022983551,0.33399999141693115,0.25609999895095825,-0.7049999833106995,-0.0860000029206276,1.082200050354004,0.3043999969959259,0.17589999735355377,0.41179999709129333,0.18000000715255737,-0.8758999705314636,-0.10890000313520432,1.098099946975708,0.32519999146461487,-0.15399999916553497,0.46309998631477356,0.05939999967813492,-0.8708000183105469,-0.12849999964237213,1.0930999517440796,0.3377000093460083,-0.3294999897480011,0.48899999260902405,-0.01759999990463257,-0.8075000047683716,-0.14579999446868896,1.082200050354004,0.3452000021934509,-0.3294999897480011,0.48899999260902405,-0.01759999990463257,-0.8075000047683716,-0.07599999755620956,1.0341999530792236,0.3037000000476837,0.43459999561309814,0.3472000062465668,0.46779999136924744,-0.6868000030517578,-0.07890000194311142,1.0717999935150146,0.3192000091075897,0.13030000030994415,0.4830999970436096,0.2078000009059906,-0.840499997138977,-0.09969999641180038,1.083299994468689,0.3328999876976013,-0.15880000591278076,0.5054000020027161,0.11299999803304672,-0.8406000137329102,-0.11569999903440475,1.0805000066757202,0.3409000039100647,-0.26989999413490295,0.5566999912261963,0.04690000042319298,-0.7843000292778015,-0.13369999825954437,1.0743000507354736,0.3458000123500824,-0.26989999413490295,0.5566999912261963,0.04690000042319298,-0.7843000292778015
1771636680.533868,1264,678,3072.0,3072.0,3072.0,3072.0,3072.0,3072.0,3072.0,3072.0,2540.0,1048.0,313.0,2353.0,2446.0,2513.0,2658.0,2650.0,3072.0,3072.0,3072.0,3072.0,3072.0,3072.0,3072.0,3018.0,2446.0,1128.0,0.0,2772.0,2641.0,2571.0,2641.0,2703.0,3049.0,3072.0,3072.0,3072.0,3072.0,3072.0,3028.0,2974.0,2699.0,1580.0,0.0,2706.0,2695.0,2706.0,2641.0,2703.0,3067.0,3072.0,2182.0,3072.0,3072.0,3072.0,3072.0,3072.0,3034.0,1099.0,1808.0,2706.0,2641.0,2706.0,2703.0,2703.0,3060.0,3072.0,2633.0,3072.0,3072.0,3072.0,3072.0,3072.0,2318.0,1111.0,2751.0,2470.0,2492.0,2583.0,2590.0,2703.0,3064.0,3065.0,3072.0,3060.0,3072.0,2648.0,2607.0,2855.0,2795.0,1379.0,2802.0,3066.0,2641.0,2706.0,2650.0,2650.0,3072.0,3072.0,3072.0,3072.0,3072.0,3072.0,3070.0,3072.0,2580.0,3069.0,3067.0,3062.0,2570.0,2560.0,2590.0,2703.0,3072.0,3072.0,3072.0,3072.0,3072.0,3023.0,3065.0,3064.0,2097.0,2804.0,2962.0,3066.0,2081.0,2273.0,2413.0,2550.0,3072.0,3068.0,3072.0,3069.0,3072.0,2950.0,3055.0,3059.0,3072.0,3072.0,3072.0,3066.0,2695.0,2706.0,2703.0,2703.0,2748.0,2983.0,2795.0,3072.0,3072.0,3072.0,3072.0,3072.0,3072.0,3072.0,3072.0,3066.0,2641.0,2560.0,2758.0,2758.0,3072.0,3072.0,3072.0,3072.0,3072.0,3072.0,3072.0,3072.0,3072.0,3072.0,2924.0,2643.0,2529.0,2633.0,2641.0,2641.0,3072.0,3072.0,3072.0,3072.0,3072.0,3072.0,3072.0,2753.0,3072.0,3072.0,3072.0,2513.0,2422.0,2500.0,2529.0,2580.0,3072.0,2857.0,2875.0,3072.0,3072.0,3072.0,3072.0,3072.0,3072.0,3072.0,3072.0,3072.0,233.0,0.0,2928.0,1835.0,3072.0,3072.0,3072.0,3072.0,3072.0,3072.0,3072.0,3072.0,3072.0,3072.0,3072.0,3072.0,2101.0,1531.0,1687.0,0.0,3072.0,3072.0,3072.0,3072.0,3072.0,3072.0,3072.0,3072.0,3072.0,3072.0,3072.0,3072.0,2444.0,2657.0,2557.0,49.0,3072.0,3072.0,3072.0,3072.0,3072.0,3072.0,3072.0,3072.0,3072.0,3072.0,3072.0,3072.0,2910.0,1153.0,693.0,0.0,-0.48510000109672546,0.8567000031471252,0.18039999902248383,0.5773000121116638,0.11819999665021896,-0.3562000095844269,-0.7250999808311462,-0.5181000232696533,0.9035999774932861,0.20409999787807465,0.5773000121116638,0.11819999665021896,-0.3562000095844269,-0.7250999808311462,-0.48089998960494995,0.8967000246047974,0.20479999482631683,0.3855000138282776,0.22429999709129333,0.4413999915122986,-0.7785999774932861,-0.4812000095844269,0.9211000204086304,0.2231999933719635,0.1185000017285347,0.36250001192092896,0.25699999928474426,-0.8880000114440918,-0.49970000982284546,0.9337000250816345,0.24580000340938568,-0.14740000665187836,0.38999998569488525,0.2257000058889389,-0.8805000185966492,-0.5171999931335449,0.9329000115394592,0.26089999079704285,-0.14740000665187836,0.38999998569488525,0.2257000058889389,-0.8805000185966492,-0.48980000615119934,0.8931000232696533,0.19830000400543213,0.5773000121116638,0.11819999665021896,-0.3562000095844269,-0.7250999808311462,-0.5192000269889832,0.9386000037193298,0.20900000631809235,0.41819998621940613,0.051600001752376556,-0.33399999141693115,-0.8431000113487244,-0.5322999954223633,0.9624999761581421,0.23199999332427979,0.3109000027179718,0.002400000113993883,-0.36149999499320984,-0.8790000081062317,-0.5375000238418579,0.9749000072479248,0.25040000677108765,0.32120001316070557,0.028699999675154686,-0.38370001316070557,-0.8652999997138977,-0.5444999933242798,0.9864000082015991,0.26649999618530273,0.32120001316070557,0.028699999675154686,-0.38370001316070557,-0.8652999997138977,-0.5008000135421753,0.8819000124931335,0.19840000569820404,0.5773000121116638,0.11819999665021896,-0.3562000095844269,-0.7250999808311462,-0.5353999733924866,0.9253000020980835,0.20970000326633453,0.17219999432563782,-0.03750000149011612,-0.42010000348091125,-0.8902000188827515,-0.5386000275611877,0.9388999938964844,0.2475000023841858,-0.5552999973297119,-0.3481000065803528,-0.257999986410141,-0.7099000215530396,-0.5184000134468079,0.9232000112533569,0.25119999051094055,-0.8723000288009644,-0.39719998836517334,-0.10520000010728836,-0.26510000228881836,-0.5085999965667725,0.9135000109672546,0.2320999950170517,-0.8723000288009644,-0.39719998836517334,-0.10520000010728836,-0.26510000228881836,-0.5121999979019165,0.8716999888420105,0.19900000095367432,0.5773000121116638,0.11819999665021896,-0.3562000095844269,-0.7250999808311462,-0.5432000160217285,0.90829998254776,0.21549999713897705,0.10729999840259552,-0.09109999984502792,-0.46209999918937683,-0.8755999803543091,-0.5410000085830688,0.9182999730110168,0.2506999969482422,-0.5555999875068665,-0.4219000041484833,-0.2847000062465668,-0.6574000120162964,-0.5192000269889832,0.906000018119812,0.25130000710487366,-0.8240000009536743,-0.510200023651123,-0.050700001418590546,-0.24120000004768372,-0.5105000138282776,0.8974000215530396,0.23199999332427979,-0.8240000009536743,-0.510200023651123,-0.050700001418590546,-0.24120000004768372,-0.515999972820282,0.8659999966621399,0.20350000262260437,0.5200999975204468,0.09009999781847,-0.5781999826431274,-0.6222000122070312,-0.5465999841690063,0.8892999887466431,0.2224999964237213,0.09459999948740005,-0.17190000414848328,-0.5151000022888184,-0.8343999981880188,-0.541100025177002,0.8989999890327454,0.2492000013589859,-0.5105000138282776,-0.4772999882698059,-0.33570000529289246,-0.6315000057220459,-0.5230000019073486,0.892799973487854,0.24959999322891235,-0.7443000078201294,-0.6087999939918518,-0.06729999929666519,-0.2660999894142151,-0.5133000016212463,0.8863999843597412,0.23260000348091125,-0.7443000078201294,-0.6087999939918518,-0.06729999929666519,-0.2660999894142151,-0.0778999999165535,1.0053999423980713,0.2793000042438507,0.5702999830245972,0.33559998869895935,0.26159998774528503,-0.7026000022888184,-0.09239999949932098,1.0615999698638916,0.2897999882698059,0.5702999830245972,0.33559998869895935,0.26159998774528503,-0.7026000022888184,-0.11240000277757645,1.0338000059127808,0.2827000021934509,0.5210999846458435,0.09160000085830688,-0.6335999965667725,-0.5644999742507935,-0.13449999690055847,1.0475000143051147,0.2955000102519989,0.4684000015258789,0.01640000008046627,-0.5597000122070312,-0.6833999752998352,-0.1509999930858612,1.0662000179290771,0.3124000132083893,0.5350000262260437,0.12139999866485596,-0.6376000046730042,-0.5407999753952026,-0.16920000314712524,1.075600028038025,0.32010000944137573,0.5350000262260437,0.12139999866485596,-0.6376000046730042,-0.5407999753952026,-0.10180000215768814,1.0360000133514404,0.2806999981403351,0.5702999830245972,0.33559998869895935,0.26159998774528503,-0.7026000022888184,-0.11100000143051147,1.0872999429702759,0.27790001034736633,0.15129999816417694,0.3621000051498413,0.09870000183582306,-0.9144999980926514,-0.1324000060558319,1.0990999937057495,0.3012999892234802,-0.0763000026345253,0.3781000077724457,0.03550000116229057,-0.9218999743461609,-0.147599995136261,1.09660005569458,0.3165000081062317,-0.12600000202655792,0.3546000123023987,0.03139999881386757,-0.9259999990463257,-0.1606999933719635,1.0931999683380127,0.3312000036239624,-0.12600000202655792,0.3546000123023987,0.03139999881386757,-0.9259999990463257,-0.08950000256299973,1.035099983215332,0.28940001130104065,0.5702999830245972,0.33559998869895935,0.26159998774528503,-0.7026000022888184,-0.09539999812841415,1.0881999731063843,0.29010000824928284,0.16380000114440918,0.39640000462532043,0.1354999989271164,-0.8931000232696533,-0.12080000340938568,1.1035000085830688,0.314300000667572,-0.15240000188350677,0.4205999970436096,0.005200000014156103,-0.8942999839782715,-0.13930000364780426,1.0968999862670898,0.32910001277923584,-0.2930000126361847,0.413100004196167,0.00039999998989515007,-0.8622999787330627,-0.15520000457763672,1.0865000486373901,0.34060001373291016,-0.2930000126361847,0.413100004196167,0.00039999998989515007,-0.8622999787330627,-0.07880000025033951,1.0348000526428223,0.29679998755455017,0.5702999830245972,0.33559998869895935,0.26159998774528503,-0.7026000022888184,-0.0860000029206276,1.0816999673843384,0.30480000376701355,0.15690000355243683,0.4187999963760376,0.1762000024318695,-0.8769000172615051,-0.1096000000834465,1.0963000059127808,0.3255999982357025,-0.15839999914169312,0.4666999876499176,0.06080000102519989,-0.8679999709129333,-0.12929999828338623,1.0911999940872192,0.337799996137619,-0.3328000009059906,0.4927999973297119,-0.016699999570846558,-0.8037999868392944,-0.14659999310970306,1.080299973487854,0.3450999855995178,-0.3328000009059906,0.4927999973297119,-0.016699999570846558,-0.8037999868392944,-0.07639999687671661,1.0335999727249146,0.30410000681877136,0.43299999833106995,0.3490999937057495,0.4726000130176544,-0.6834999918937683,-0.07919999957084656,1.0710999965667725,0.319599986076355,0.10679999738931656,0.4912000000476837,0.20229999721050262,-0.840499997138977,-0.1005999967455864,1.0815000534057617,0.33320000767707825,-0.17890000343322754,0.5095999836921692,0.10610000044107437,-0.8349000215530396,-0.11670000106096268,1.0779999494552612,0.3407000005245209,-0.289000004529953,0.5595999956130981,0.0406000018119812,-0.775600016117096,-0.13449999690055847,1.0710999965667725,0.3450999855995178,-0.289000004529953,0.5595999956130981,0.0406000018119812,-0.775600016117096
1771636680.575663,1305,648,3072.0,3072.0,3072.0,3072.0,3072.0,3072.0,3072.0,3072.0,2599.0,1029.0,229.0,2418.0,2446.0,2513.0,2540.0,2650.0,3072.0,3072.0,3072.0,3072.0,3072.0,3072.0,3072.0,3072.0,2446.0,1013.0,51.0,2697.0,2641.0,2571.0,2641.0,2641.0,3038.0,3072.0,3072.0,3072.0,3072.0,3072.0,2946.0,2974.0,2653.0,1549.0,18.0,2633.0,2695.0,2706.0,2703.0,2703.0,3059.0,3072.0,2344.0,3072.0,3072.0,3072.0,3072.0,3072.0,3034.0,944.0,1646.0,2706.0,2641.0,2633.0,2641.0,2703.0,3039.0,3072.0,2633.0,3072.0,3072.0,3072.0,3072.0,3072.0,2318.0,868.0,2652.0,2404.0,2492.0,2583.0,2650.0,2703.0,3067.0,3065.0,3072.0,3058.0,3063.0,2754.0,2712.0,2888.0,2841.0,1092.0,2729.0,3066.0,2641.0,2633.0,2590.0,2590.0,3072.0,3072.0,3072.0,3072.0,3072.0,3072.0,3070.0,3072.0,2641.0,3069.0,3068.0,3061.0,2570.0,2560.0,2590.0,2641.0,3072.0,3072.0,3072.0,3072.0,3072.0,3072.0,3067.0,3060.0,2697.0,2849.0,2957.0,3066.0,2130.0,2211.0,2358.0,2550.0,3072.0,3068.0,3072.0,3066.0,3072.0,2980.0,3055.0,3048.0,3072.0,3072.0,3072.0,3066.0,2695.0,2633.0,2641.0,2641.0,2804.0,3029.0,2985.0,3072.0,3072.0,3072.0,3072.0,3068.0,3072.0,3072.0,3072.0,3064.0,2580.0,2633.0,2695.0,2695.0,3072.0,3072.0,3072.0,3072.0,3072.0,3072.0,3072.0,3037.0,3072.0,3072.0,2962.0,2571.0,2529.0,2560.0,2641.0,2641.0,3072.0,3072.0,3072.0,3072.0,3072.0,3072.0,3072.0,2664.0,3072.0,3072.0,3072.0,2443.0,2422.0,2500.0,2590.0,2580.0,3072.0,2849.0,2966.0,3017.0,3072.0,3072.0,3072.0,3072.0,3072.0,3072.0,3072.0,3072.0,0.0,0.0,2921.0,1336.0,3072.0,3072.0,3072.0,3072.0,3072.0,3072.0,3072.0,3072.0,3072.0,3072.0,3072.0,3072.0,2067.0,1579.0,1800.0,0.0,3072.0,3072.0,3072.0,3072.0,3072.0,3072.0,3072.0,3072.0,3072.0,3072.0,3072.0,3072.0,2464.0,2586.0,2474.0,0.0,3072.0,3072.0,3072.0,3072.0,3072.0,3072.0,3072.0,3072.0,3072.0,3072.0,3072.0,3072.0,2924.0,1183.0,728.0,0.0,-0.484499990940094,0.85589998960495,0.1817999929189682,0.5809999704360962,0.1145000010728836,-0.35179999470710754,-0.7250000238418579,-0.5170000195503235,0.9031999707221985,0.20499999821186066,0.5809999704360962,0.1145000010728836,-0.35179999470710754,-0.7250000238418579,-0.4799000024795532,0.8959000110626221,0.20589999854564667,0.38920000195503235,0.2248000055551529,0.44530001282691956,-0.774399995803833,-0.4799000024795532,0.9204999804496765,0.2240999937057495,0.12359999865293503,0.36390000581741333,0.260699987411499,-0.8855999708175659,-0.4984000027179718,0.9333999752998352,0.24650000035762787,-0.1386999934911728,0.3917999863624573,0.23080000281333923,-0.8797000050544739,-0.5157999992370605,0.9330999851226807,0.26159998774528503,-0.1386999934911728,0.3917999863624573,0.23080000281333923,-0.8797000050544739,-0.4887999892234802,0.8924000263214111,0.19939999282360077,0.5809999704360962,0.1145000010728836,-0.35179999470710754,-0.7250000238418579,-0.5177000164985657,0.9383000135421753,0.20970000326633453,0.42329999804496765,0.04879999905824661,-0.3280999958515167,-0.8431000113487244,-0.5304999947547913,0.9624999761581421,0.23240000009536743,0.3179999887943268,0.0010000000474974513,-0.35530000925064087,-0.8790000081062317,-0.5357000231742859,0.9753000140190125,0.25060001015663147,0.3312000036239624,0.028300000354647636,-0.37770000100135803,-0.8641999959945679,-0.5428000092506409,0.9872000217437744,0.266400009393692,0.3312000036239624,0.028300000354647636,-0.37770000100135803,-0.8641999959945679,-0.4999000132083893,0.8812999725341797,0.1995999962091446,0.5809999704360962,0.1145000010728836,-0.35179999470710754,-0.7250000238418579,-0.5340999960899353,0.9251999855041504,0.21040000021457672,0.17339999973773956,-0.03999999910593033,-0.41440001130104065,-0.8924999833106995,-0.5370000004768372,0.9390000104904175,0.24819999933242798,-0.5564000010490417,-0.3456000089645386,-0.2522999942302704,-0.7123000025749207,-0.5170000195503235,0.9229999780654907,0.25189998745918274,-0.8744999766349792,-0.3919000029563904,-0.10199999809265137,-0.2669000029563904,-0.5073999762535095,0.913100004196167,0.23280000686645508,-0.8744999766349792,-0.3919000029563904,-0.10199999809265137,-0.2669000029563904,-0.5113999843597412,0.8712999820709229,0.20020000636577606,0.5809999704360962,0.1145000010728836,-0.35179999470710754,-0.7250000238418579,-0.5419999957084656,0.90829998254776,0.21629999577999115,0.10949999839067459,-0.09290000051259995,-0.4562999904155731,-0.8781999945640564,-0.5396999716758728,0.9185000061988831,0.2513999938964844,-0.5566999912261963,-0.41929998993873596,-0.2791999876499176,-0.6606000065803528,-0.5181000232696533,0.9059000015258789,0.25209999084472656,-0.8266000151634216,-0.5051000118255615,-0.047600001096725464,-0.2434999942779541,-0.5095999836921692,0.8970999717712402,0.23280000686645508,-0.8266000151634216,-0.5051000118255615,-0.047600001096725464,-0.2434999942779541,-0.5152999758720398,0.8657000064849854,0.20469999313354492,0.5235000252723694,0.08590000122785568,-0.5742999911308289,-0.6234999895095825,-0.5455999970436096,0.8894000053405762,0.22349999845027924,0.09690000116825104,-0.1736000031232834,-0.5092999935150146,-0.8373000025749207,-0.5400999784469604,0.8992000222206116,0.2500999867916107,-0.5121999979019165,-0.47540000081062317,-0.3296999931335449,-0.6348000168800354,-0.5220999717712402,0.892799973487854,0.25049999356269836,-0.7477999925613403,-0.6043000221252441,-0.06289999932050705,-0.2676999866962433,-0.512499988079071,0.8862000107765198,0.23350000381469727,-0.7477999925613403,-0.6043000221252441,-0.06289999932050705,-0.2676999866962433,-0.0778999999165535,1.0047999620437622,0.27970001101493835,0.5695000290870667,0.33820000290870667,0.2700999975204468,-0.6988000273704529,-0.09200000017881393,1.0612000226974487,0.29010000824928284,0.5695000290870667,0.33820000290870667,0.2700999975204468,-0.6988000273704529,-0.11209999769926071,1.0334999561309814,0.28290000557899475,0.5224000215530396,0.08990000188350677,-0.6280999779701233,-0.569599986076355,-0.13410000503063202,1.0475000143051147,0.2955999970436096,0.46480000019073486,0.011800000444054604,-0.5537999868392944,-0.6906999945640564,-0.1500999927520752,1.066499948501587,0.3127000033855438,0.5339999794960022,0.11819999665021896,-0.6328999996185303,-0.5479999780654907,-0.16820000112056732,1.076200008392334,0.320499986410141,0.5339999794960022,0.11819999665021896,-0.6328999996185303,-0.5479999780654907,-0.1014999970793724,1.035599946975708,0.2809000015258789,0.5695000290870667,0.33820000290870667,0.2700999975204468,-0.6988000273704529,-0.11020000278949738,1.0870000123977661,0.2777999937534332,0.1412999927997589,0.3698999881744385,0.10010000318288803,-0.9128000140190125,-0.13199999928474426,1.0981999635696411,0.3009999990463257,-0.0786999985575676,0.3855000138282776,0.03799999877810478,-0.9186000227928162,-0.14749999344348907,1.0958000421524048,0.3160000145435333,-0.12489999830722809,0.3619999885559082,0.0348999984562397,-0.9230999946594238,-0.1607999950647354,1.0924999713897705,0.3305000066757202,-0.12489999830722809,0.3619999885559082,0.0348999984562397,-0.9230999946594238,-0.08940000087022781,1.034600019454956,0.2897999882698059,0.5695000290870667,0.33820000290870667,0.2700999975204468,-0.6988000273704529,-0.09470000118017197,1.0877000093460083,0.2903999984264374,0.15109999477863312,0.40459999442100525,0.13609999418258667,-0.8916000127792358,-0.12070000171661377,1.1023000478744507,0.31439998745918274,-0.15530000627040863,0.4284000098705292,0.0071000000461936,-0.8901000022888184,-0.13950000703334808,1.0956000089645386,0.3287000060081482,-0.29409998655319214,0.42080000042915344,0.0017000000225380063,-0.8582000136375427,-0.15569999814033508,1.0851999521255493,0.3400000035762787,-0.29409998655319214,0.42080000042915344,0.0017000000225380063,-0.8582000136375427,-0.07880000025033951,1.03410005569458,0.2973000109195709,0.5695000290870667,0.33820000290870667,0.2700999975204468,-0.6988000273704529,-0.08569999784231186,1.0810999870300293,0.3050999939441681,0.1453000009059906,0.4268999993801117,0.17749999463558197,-0.8747000098228455,-0.10989999771118164,1.0951999425888062,0.32580000162124634,-0.16040000319480896,0.47369998693466187,0.06379999965429306,-0.8636000156402588,-0.12970000505447388,1.090000033378601,0.3375999927520752,-0.3336000144481659,0.5001000165939331,-0.014999999664723873,-0.7990000247955322,-0.14720000326633453,1.079200029373169,0.34450000524520874,-0.3336000144481659,0.5001000165939331,-0.014999999664723873,-0.7990000247955322,-0.07649999856948853,1.0328999757766724,0.3046000003814697,0.43059998750686646,0.3522000014781952,0.4799000024795532,-0.6783999800682068,-0.07919999957084656,1.0705000162124634,0.32010000944137573,0.0925000011920929,0.49939998984336853,0.2029000073671341,-0.8371999859809875,-0.10100000351667404,1.080299973487854,0.33340001106262207,-0.18940000236034393,0.5164999961853027,0.10520000010728836,-0.8284000158309937,-0.11729999631643295,1.0765000581741333,0.34049999713897705,-0.2985000014305115,0.566100001335144,0.03929999843239784,-0.7674000263214111,-0.13510000705718994,1.0693999528884888,0.34439998865127563,-0.2985000014305115,0.566100001335144,0.03929999843239784,-0.7674000263214111
1771636680.61718,1347,631,3072.0,3072.0,3072.0,3072.0,3072.0,3072.0,3072.0,3072.0,2599.0,996.0,111.0,2418.0,2446.0,2513.0,2599.0,2650.0,3072.0,3072.0,3072.0,3072.0,3072.0,3072.0,3072.0,2934.0,2446.0,1046.0,88.0,2697.0,2641.0,2571.0,2703.0,2641.0,3038.0,3072.0,3072.0,3072.0,3072.0,3072.0,2817.0,2893.0,2653.0,1545.0,0.0,2706.0,2695.0,2633.0,2703.0,2641.0,3068.0,3072.0,2344.0,3072.0,3072.0,3072.0,3072.0,3072.0,3059.0,884.0,1631.0,2706.0,2641.0,2633.0,2764.0,2703.0,3070.0,3072.0,3072.0,3072.0,3072.0,3072.0,3072.0,3072.0,2434.0,741.0,2591.0,2470.0,2492.0,2513.0,2650.0,2703.0,3064.0,3059.0,3072.0,3065.0,3056.0,2754.0,2684.0,2927.0,2872.0,857.0,2646.0,3064.0,2703.0,2633.0,2650.0,2650.0,3072.0,3072.0,3072.0,3072.0,3072.0,3072.0,3070.0,3072.0,2580.0,3068.0,3067.0,3061.0,2507.0,2486.0,2590.0,2641.0,3072.0,3072.0,3072.0,3072.0,3072.0,3072.0,3066.0,3054.0,3072.0,2773.0,2918.0,3066.0,2130.0,2211.0,2413.0,2492.0,3072.0,3072.0,3072.0,3060.0,3072.0,3011.0,3055.0,3049.0,3072.0,3072.0,3072.0,3065.0,2695.0,2633.0,2641.0,2703.0,2790.0,3043.0,2938.0,3072.0,3072.0,3072.0,3072.0,3057.0,3072.0,3072.0,3072.0,3064.0,2580.0,2560.0,2695.0,2758.0,3072.0,3072.0,3072.0,3072.0,3072.0,3072.0,3072.0,3041.0,3072.0,3070.0,2962.0,2571.0,2529.0,2560.0,2641.0,2703.0,3072.0,3072.0,3072.0,3072.0,3072.0,3072.0,3072.0,2629.0,3072.0,3072.0,3072.0,2443.0,2422.0,2500.0,2590.0,2641.0,3072.0,2855.0,2985.0,3072.0,3072.0,3072.0,3072.0,3072.0,3072.0,3072.0,3072.0,3072.0,0.0,0.0,2835.0,1240.0,3072.0,3072.0,3072.0,3072.0,3072.0,3072.0,3072.0,3072.0,3072.0,3072.0,3072.0,3072.0,2105.0,1505.0,1648.0,0.0,3072.0,3072.0,3072.0,3072.0,3072.0,3072.0,3072.0,3072.0,3072.0,3072.0,3072.0,3072.0,2388.0,2573.0,2374.0,0.0,3072.0,3072.0,3072.0,3072.0,3072.0,3072.0,3072.0,3072.0,3072.0,3072.0,3072.0,3072.0,2963.0,1268.0,754.0,0.0,-0.48410001397132874,0.8550000190734863,0.18289999663829803,0.5837000012397766,0.11209999769926071,-0.34790000319480896,-0.7250000238418579,-0.5162000060081482,0.9028000235557556,0.20579999685287476,0.5837000012397766,0.11209999769926071,-0.34790000319480896,-0.7250000238418579,-0.47920000553131104,0.8952000141143799,0.20679999887943268,0.3919999897480011,0.22529999911785126,0.44859999418258667,-0.7709000110626221,-0.4790000021457672,0.9197999835014343,0.2249000072479248,0.12759999930858612,0.365200012922287,0.2637999951839447,-0.8835999965667725,-0.4973999857902527,0.9330000281333923,0.24709999561309814,-0.13210000097751617,0.3935000002384186,0.23479999601840973,-0.8790000081062317,-0.5149000287055969,0.9330999851226807,0.2621999979019165,-0.13210000097751617,0.3935000002384186,0.23479999601840973,-0.8790000081062317,-0.48809999227523804,0.8916000127792358,0.20029999315738678,0.5837000012397766,0.11209999769926071,-0.34790000319480896,-0.7250000238418579,-0.5166000127792358,0.9377999901771545,0.2102999985218048,0.42890000343322754,0.04690000042319298,-0.3222000002861023,-0.8425999879837036,-0.5292999744415283,0.9624999761581421,0.23260000348091125,0.32749998569488525,0.0012000000569969416,-0.34929999709129333,-0.8779000043869019,-0.534500002861023,0.975600004196167,0.25060001015663147,0.3440999984741211,0.029500000178813934,-0.3718999922275543,-0.8615999817848206,-0.5418000221252441,0.9878000020980835,0.26600000262260437,0.3440999984741211,0.029500000178813934,-0.3718999922275543,-0.8615999817848206,-0.4993000030517578,0.8806999921798706,0.2004999965429306,0.5837000012397766,0.11209999769926071,-0.34790000319480896,-0.7250000238418579,-0.5331000089645386,0.9248999953269958,0.210999995470047,0.17489999532699585,-0.041099999099969864,-0.40959998965263367,-0.8944000005722046,-0.5358999967575073,0.9387999773025513,0.24869999289512634,-0.5565999746322632,-0.3425999879837036,-0.2484000027179718,-0.714900016784668,-0.5160999894142151,0.9226999878883362,0.2524999976158142,-0.8758999705314636,-0.3874000012874603,-0.10050000250339508,-0.26930001378059387,-0.506600022315979,0.9125999808311462,0.23350000381469727,-0.8758999705314636,-0.3874000012874603,-0.10050000250339508,-0.26930001378059387,-0.5109000205993652,0.8707000017166138,0.20110000669956207,0.5837000012397766,0.11209999769926071,-0.34790000319480896,-0.7250000238418579,-0.5411999821662903,0.9081000089645386,0.21699999272823334,0.1111999973654747,-0.09359999746084213,-0.45170000195503235,-0.880299985408783,-0.5388000011444092,0.91839998960495,0.25200000405311584,-0.557200014591217,-0.4165000021457672,-0.27549999952316284,-0.6633999943733215,-0.5174000263214111,0.9057000279426575,0.25279998779296875,-0.8285999894142151,-0.5008999705314636,-0.04610000178217888,-0.2459000051021576,-0.508899986743927,0.8966000080108643,0.23360000550746918,-0.8285999894142151,-0.5008999705314636,-0.04610000178217888,-0.2459000051021576,-0.5148000121116638,0.8651999831199646,0.20569999516010284,0.526199996471405,0.08299999684095383,-0.570900022983551,-0.6248000264167786,-0.5450000166893005,0.8892999887466431,0.22419999539852142,0.09860000014305115,-0.17409999668598175,-0.504800021648407,-0.8396999835968018,-0.5394999980926514,0.8992000222206116,0.2508000135421753,-0.512499988079071,-0.47290000319480896,-0.3262999951839447,-0.6381999850273132,-0.5216000080108643,0.8925999999046326,0.25130000710487366,-0.7498999834060669,-0.600600004196167,-0.06120000034570694,-0.2705000042915344,-0.511900007724762,0.8858000040054321,0.23440000414848328,-0.7498999834060669,-0.600600004196167,-0.06120000034570694,-0.2705000042915344,-0.07810000330209732,1.0042999982833862,0.2797999978065491,0.5674999952316284,0.3409999907016754,0.2793000042438507,-0.6955000162124634,-0.09179999679327011,1.0607999563217163,0.29019999504089355,0.5674999952316284,0.3409999907016754,0.2793000042438507,-0.6955000162124634,-0.1120000034570694,1.033400058746338,0.28279998898506165,0.5241000056266785,0.09049999713897705,-0.6218000054359436,-0.5748000144958496,-0.1339000016450882,1.0476000308990479,0.2953000068664551,0.4616999924182892,0.009999999776482582,-0.5475000143051147,-0.6977999806404114,-0.14959999918937683,1.0666999816894531,0.3125999867916107,0.5331000089645386,0.11670000106096268,-0.6273999810218811,-0.5554999709129333,-0.16750000417232513,1.0765999555587769,0.320499986410141,0.5331000089645386,0.11670000106096268,-0.6273999810218811,-0.5554999709129333,-0.10130000114440918,1.0353000164031982,0.2809000015258789,0.5674999952316284,0.3409999907016754,0.2793000042438507,-0.6955000162124634,-0.10949999839067459,1.086899995803833,0.2777000069618225,0.1370999962091446,0.3774999976158142,0.10490000247955322,-0.9097999930381775,-0.13169999420642853,1.0980000495910645,0.30059999227523804,-0.07989999651908875,0.3937999904155731,0.04190000146627426,-0.9147999882698059,-0.14749999344348907,1.0954999923706055,0.31529998779296875,-0.12479999661445618,0.37049999833106995,0.039000000804662704,-0.9196000099182129,-0.16110000014305115,1.0923999547958374,0.3294999897480011,-0.12479999661445618,0.37049999833106995,0.039000000804662704,-0.9196000099182129,-0.08940000087022781,1.0341999530792236,0.289900004863739,0.5674999952316284,0.3409999907016754,0.2793000042438507,-0.6955000162124634,-0.094200000166893,1.087399959564209,0.2904999852180481,0.14470000565052032,0.412200003862381,0.1404000073671341,-0.8884999752044678,-0.12070000171661377,1.101699948310852,0.3142000138759613,-0.1559000015258789,0.4368000030517578,0.010900000110268593,-0.8859000205993652,-0.13979999721050262,1.0951000452041626,0.32820001244544983,-0.2937999963760376,0.4296000003814697,0.0044999998062849045,-0.8539000153541565,-0.15629999339580536,1.0848000049591064,0.3391000032424927,-0.2937999963760376,0.4296000003814697,0.0044999998062849045,-0.8539000153541565,-0.07900000363588333,1.0335999727249146,0.29750001430511475,0.5674999952316284,0.3409999907016754,0.2793000042438507,-0.6955000162124634,-0.08550000190734863,1.0806000232696533,0.305400013923645,0.13940000534057617,0.4341000020503998,0.18250000476837158,-0.8711000084877014,-0.11010000109672546,1.094499945640564,0.3257000148296356,-0.16019999980926514,0.4814999997615814,0.06870000064373016,-0.8589000105857849,-0.13019999861717224,1.0895999670028687,0.33719998598098755,-0.33219999074935913,0.5084999799728394,-0.011699999682605267,-0.7943000197410583,-0.14790000021457672,1.0788999795913696,0.34389999508857727,-0.33219999074935913,0.5084999799728394,-0.011699999682605267,-0.7943000197410583,-0.07680000364780426,1.0322999954223633,0.30489999055862427,0.426800012588501,0.35510000586509705,0.4878000020980835,-0.6736999750137329,-0.07940000295639038,1.0698000192642212,0.320499986410141,0.08590000122785568,0.5058000087738037,0.2087000012397766,-0.8325999975204468,-0.1014999970793724,1.0795999765396118,0.3334999978542328,-0.19210000336170197,0.5236999988555908,0.11010000109672546,-0.8226000070571899,-0.11779999732971191,1.0758999586105347,0.3402999937534332,-0.3000999987125397,0.5734999775886536,0.043299999088048935,-0.7609999775886536,-0.13580000400543213,1.0688999891281128,0.34380000829696655,-0.3000999987125397,0.5734999775886536,0.043299999088048935,-0.7609999775886536
1771636680.660903,1389,630,3072.0,3072.0,3072.0,3072.0,3072.0,3072.0,3072.0,3072.0,2540.0,973.0,109.0,2353.0,2503.0,2513.0,2540.0,2590.0,3072.0,3072.0,3072.0,3072.0,3072.0,3072.0,3072.0,2984.0,2503.0,1060.0,7.0,2697.0,2641.0,2571.0,2703.0,2703.0,3049.0,3072.0,3072.0,3072.0,3072.0,3072.0,2744.0,2832.0,2653.0,1633.0,0.0,2779.0,2758.0,2633.0,2703.0,2703.0,3072.0,3072.0,2263.0,3072.0,3072.0,3072.0,3072.0,3072.0,3059.0,892.0,1563.0,2706.0,2703.0,2633.0,2703.0,2703.0,3068.0,3072.0,2962.0,3072.0,3072.0,3072.0,3072.0,3072.0,2492.0,744.0,2577.0,2470.0,2492.0,2583.0,2650.0,2641.0,3062.0,3065.0,3072.0,3046.0,3072.0,3072.0,2691.0,2955.0,2872.0,857.0,2646.0,3064.0,2703.0,2633.0,2650.0,2650.0,3072.0,3072.0,3072.0,3072.0,3072.0,3072.0,3070.0,3072.0,2703.0,3072.0,3070.0,3065.0,2758.0,2633.0,2650.0,2703.0,3072.0,3069.0,3072.0,3072.0,3072.0,3072.0,3069.0,3057.0,2772.0,2871.0,2929.0,3065.0,2130.0,2150.0,2358.0,2492.0,3072.0,3052.0,3072.0,3065.0,3072.0,2919.0,3060.0,3048.0,3072.0,3072.0,3072.0,3066.0,2695.0,2633.0,2703.0,2703.0,2753.0,2994.0,2875.0,3072.0,3072.0,3072.0,3072.0,3039.0,3072.0,3072.0,3072.0,3064.0,2580.0,2633.0,2695.0,2695.0,3072.0,3072.0,3072.0,3072.0,3072.0,3072.0,3072.0,3028.0,3072.0,3063.0,2923.0,2571.0,2590.0,2633.0,2703.0,2703.0,3072.0,3072.0,3072.0,3072.0,3072.0,3072.0,3072.0,2619.0,3072.0,3072.0,3072.0,2373.0,2422.0,2500.0,2590.0,2641.0,3072.0,2937.0,2966.0,3072.0,3072.0,3072.0,3072.0,3072.0,3072.0,3072.0,3072.0,3072.0,387.0,0.0,2634.0,1674.0,3072.0,3072.0,3072.0,3072.0,3072.0,3072.0,3072.0,3072.0,3072.0,3072.0,3072.0,3072.0,2255.0,1590.0,1606.0,0.0,3072.0,3072.0,3072.0,3072.0,3072.0,3072.0,3072.0,3072.0,3072.0,3072.0,3072.0,3072.0,2492.0,2522.0,2448.0,0.0,3072.0,3072.0,3072.0,3072.0,3072.0,3072.0,3072.0,3072.0,3072.0,3072.0,3072.0,3072.0,2866.0,983.0,892.0,0.0,-0.48399999737739563,0.8544999957084656,0.18369999527931213,0.5860999822616577,0.11029999703168869,-0.3450999855995178,-0.7246999740600586,-0.5159000158309937,0.9024999737739563,0.20630000531673431,0.5860999822616577,0.11029999703168869,-0.3450999855995178,-0.7246999740600586,-0.4788999855518341,0.8946999907493591,0.20739999413490295,0.3952000141143799,0.22589999437332153,0.4505999982357025,-0.7680000066757202,-0.47859999537467957,0.9193999767303467,0.22529999911785126,0.1316000074148178,0.366100013256073,0.265500009059906,-0.882099986076355,-0.4968999922275543,0.9330000281333923,0.24740000069141388,-0.12639999389648438,0.39469999074935913,0.23720000684261322,-0.878600001335144,-0.5142999887466431,0.9333000183105469,0.26249998807907104,-0.12639999389648438,0.39469999074935913,0.23720000684261322,-0.878600001335144,-0.4878999888896942,0.8912000060081482,0.20090000331401825,0.5860999822616577,0.11029999703168869,-0.3450999855995178,-0.7246999740600586,-0.515999972820282,0.9376000165939331,0.21060000360012054,0.43540000915527344,0.04490000009536743,-0.31679999828338623,-0.8414999842643738,-0.5285000205039978,0.9627000093460083,0.23260000348091125,0.3386000096797943,0.001500000013038516,-0.34369999170303345,-0.8758999705314636,-0.5339000225067139,0.9761999845504761,0.2502000033855438,0.3587999939918518,0.030899999663233757,-0.36649999022483826,-0.8579000234603882,-0.5412999987602234,0.9889000058174133,0.2651999890804291,0.3587999939918518,0.030899999663233757,-0.36649999022483826,-0.8579000234603882,-0.499099999666214,0.880299985408783,0.20110000669956207,0.5860999822616577,0.11029999703168869,-0.3450999855995178,-0.7246999740600586,-0.5325999855995178,0.9247999787330627,0.21140000224113464,0.17749999463558197,-0.04179999977350235,-0.4058000147342682,-0.8956000208854675,-0.5353999733924866,0.9388999938964844,0.24899999797344208,-0.5547999739646912,-0.3398999869823456,-0.2460000067949295,-0.7184000015258789,-0.5156999826431274,0.9226999878883362,0.2529999911785126,-0.8759999871253967,-0.3840999901294708,-0.10029999911785126,-0.27379998564720154,-0.5062000155448914,0.9124000072479248,0.23409999907016754,-0.8759999871253967,-0.3840999901294708,-0.10029999911785126,-0.27379998564720154,-0.510699987411499,0.8705000281333923,0.20180000364780426,0.5860999822616577,0.11029999703168869,-0.3450999855995178,-0.7246999740600586,-0.5407999753952026,0.9081000089645386,0.21739999949932098,0.1136000007390976,-0.09380000084638596,-0.44830000400543213,-0.881600022315979,-0.5385000109672546,0.9185000061988831,0.2524000108242035,-0.5564000010490417,-0.41429999470710754,-0.27320000529289246,-0.6664000153541565,-0.5171999931335449,0.9057000279426575,0.2533000111579895,-0.8294000029563904,-0.49790000915527344,-0.045499999076128006,-0.2492000013589859,-0.5087000131607056,0.8964999914169312,0.23420000076293945,-0.8294000029563904,-0.49790000915527344,-0.045499999076128006,-0.2492000013589859,-0.5146999955177307,0.8650000095367432,0.20640000700950623,0.5285000205039978,0.08079999685287476,-0.5683000087738037,-0.6254000067710876,-0.5447999835014343,0.8894000053405762,0.22470000386238098,0.10050000250339508,-0.1745000034570694,-0.5016000270843506,-0.8413000106811523,-0.5392000079154968,0.8992999792098999,0.25119999051094055,-0.5116999745368958,-0.47099998593330383,-0.32420000433921814,-0.6412000060081482,-0.521399974822998,0.8925999999046326,0.251800000667572,-0.7508000135421753,-0.5979999899864197,-0.060600001364946365,-0.27390000224113464,-0.5116999745368958,0.885699987411499,0.23499999940395355,-0.7508000135421753,-0.5979999899864197,-0.060600001364946365,-0.27390000224113464,-0.07829999923706055,1.0038000345230103,0.2797999978065491,0.5644000172615051,0.3431999981403351,0.2874999940395355,-0.6935999989509583,-0.0917000025510788,1.0604000091552734,0.29030001163482666,0.5644000172615051,0.3431999981403351,0.2874999940395355,-0.6935999989509583,-0.1120000034570694,1.0332000255584717,0.2824999988079071,0.5253000259399414,0.09279999881982803,-0.616100013256073,-0.5795000195503235,-0.1339000016450882,1.0475000143051147,0.29499998688697815,0.45829999446868896,0.010200000368058681,-0.5421000123023987,-0.7042999863624573,-0.1492999941110611,1.0666999816894531,0.3125,0.5315999984741211,0.11699999868869781,-0.6223000288009644,-0.5626000165939331,-0.1670999974012375,1.076799988746643,0.3203999996185303,0.5315999984741211,0.11699999868869781,-0.6223000288009644,-0.5626000165939331,-0.10130000114440918,1.035099983215332,0.2806999981403351,0.5644000172615051,0.3431999981403351,0.2874999940395355,-0.6935999989509583,-0.10899999737739563,1.0866999626159668,0.2777000069618225,0.13269999623298645,0.383899986743927,0.10970000177621841,-0.9071999788284302,-0.1316000074148178,1.0976999998092651,0.3003999888896942,-0.08160000294446945,0.4007999897003174,0.04610000178217888,-0.9114000201225281,-0.147599995136261,1.0952999591827393,0.3147999942302704,-0.1256999969482422,0.37770000100135803,0.04320000112056732,-0.9164000153541565,-0.16140000522136688,1.0922000408172607,0.3287999927997589,-0.1256999969482422,0.37770000100135803,0.04320000112056732,-0.9164000153541565,-0.08950000256299973,1.0336999893188477,0.289900004863739,0.5644000172615051,0.3431999981403351,0.2874999940395355,-0.6935999989509583,-0.09390000253915787,1.0870000123977661,0.2906999886035919,0.13840000331401825,0.41839998960494995,0.14489999413490295,-0.8859000205993652,-0.12080000340938568,1.101099967956543,0.3142000138759613,-0.15800000727176666,0.4440000057220459,0.014600000344216824,-0.8819000124931335,-0.14010000228881836,1.094499945640564,0.3278000056743622,-0.2953000068664551,0.43709999322891235,0.007199999876320362,-0.8495000004768372,-0.15690000355243683,1.0843000411987305,0.3384000062942505,-0.2953000068664551,0.43709999322891235,0.007199999876320362,-0.8495000004768372,-0.07919999957084656,1.0329999923706055,0.29760000109672546,0.5644000172615051,0.3431999981403351,0.2874999940395355,-0.6935999989509583,-0.08550000190734863,1.0800000429153442,0.30570000410079956,0.13349999487400055,0.4399000108242035,0.1873999983072281,-0.8680999875068665,-0.11029999703168869,1.0937999486923218,0.32580000162124634,-0.16210000216960907,0.48809999227523804,0.0729999989271164,-0.8544999957084656,-0.1307000070810318,1.0889999866485596,0.3370000123977661,-0.3330000042915344,0.5156999826431274,-0.008700000122189522,-0.7893999814987183,-0.1485999971628189,1.0784000158309937,0.3433000147342682,-0.3330000042915344,0.5156999826431274,-0.008700000122189522,-0.7893999814987183,-0.07720000296831131,1.0317000150680542,0.3050000071525574,0.4221999943256378,0.3569999933242798,0.49480000138282776,-0.6704000234603882,-0.07970000058412552,1.069200038909912,0.3208000063896179,0.07970000058412552,0.5108000040054321,0.21459999680519104,-0.8287000060081482,-0.10189999639987946,1.0787999629974365,0.3336000144481659,-0.19480000436306,0.5296000242233276,0.11540000140666962,-0.8174999952316284,-0.1185000017285347,1.0751999616622925,0.3400999903678894,-0.30169999599456787,0.579800009727478,0.04780000075697899,-0.755299985408783,-0.13650000095367432,1.0684000253677368,0.3434000015258789,-0.30169999599456787,0.579800009727478,0.04780000075697899,-0.755299985408783
1771636680.700475,1430,618,3072.0,3072.0,3072.0,3072.0,3072.0,3072.0,3072.0,3072.0,2599.0,981.0,146.0,2418.0,2503.0,2513.0,2599.0,2650.0,3072.0,3072.0,3072.0,3072.0,3072.0,3072.0,3072.0,3009.0,2446.0,1050.0,0.0,2697.0,2703.0,2571.0,2641.0,2703.0,3049.0,3072.0,3072.0,3072.0,3072.0,3072.0,2749.0,2858.0,2653.0,1536.0,0.0,2706.0,2758.0,2633.0,2703.0,2703.0,3072.0,3025.0,2344.0,3072.0,3072.0,3072.0,3072.0,3072.0,3059.0,800.0,1594.0,2706.0,2641.0,2633.0,2703.0,2764.0,3072.0,2844.0,2742.0,3072.0,3072.0,3072.0,3072.0,3072.0,2492.0,349.0,2324.0,2470.0,2550.0,2513.0,2590.0,2703.0,3067.0,3059.0,3072.0,3058.0,3072.0,3072.0,2723.0,2936.0,2887.0,461.0,2555.0,3064.0,2641.0,2779.0,2650.0,2650.0,3072.0,3072.0,3072.0,3072.0,3072.0,3072.0,3070.0,3072.0,2580.0,3069.0,3067.0,3061.0,2507.0,2486.0,2590.0,2703.0,3072.0,3072.0,3072.0,3072.0,3072.0,3072.0,3068.0,3062.0,2997.0,2752.0,2959.0,3065.0,2130.0,2211.0,2413.0,2492.0,3072.0,3058.0,3072.0,3065.0,3072.0,3041.0,3058.0,3053.0,3072.0,3072.0,3072.0,3065.0,2695.0,2633.0,2641.0,2641.0,2743.0,2999.0,2910.0,3072.0,3072.0,3072.0,3072.0,3068.0,3072.0,3072.0,3072.0,3064.0,2641.0,2633.0,2695.0,2695.0,3072.0,3072.0,3072.0,3072.0,3072.0,3072.0,3072.0,3039.0,3072.0,3044.0,2880.0,2571.0,2529.0,2633.0,2641.0,2641.0,3072.0,3072.0,3072.0,3072.0,3072.0,3072.0,3072.0,2664.0,3072.0,3072.0,3072.0,2373.0,2422.0,2500.0,2590.0,2641.0,3072.0,2904.0,2939.0,3072.0,3072.0,3072.0,3072.0,3072.0,3072.0,3072.0,3072.0,3072.0,9.0,0.0,2800.0,1470.0,3072.0,3072.0,3072.0,3072.0,3072.0,3072.0,3072.0,3072.0,3072.0,3072.0,3072.0,3072.0,2125.0,1393.0,1551.0,0.0,3072.0,3072.0,3072.0,3072.0,3072.0,3072.0,3072.0,3072.0,3072.0,3072.0,3072.0,3072.0,2475.0,2498.0,2400.0,0.0,3072.0,3072.0,3072.0,3072.0,3072.0,3072.0,3072.0,3072.0,3072.0,3072.0,3072.0,3072.0,2898.0,1071.0,629.0,0.0,-0.48420000076293945,0.854200005531311,0.18410000205039978,0.5885999798774719,0.10840000212192535,-0.3431999981403351,-0.7239000201225281,-0.5156999826431274,0.9024999737739563,0.20630000531673431,0.5885999798774719,0.10840000212192535,-0.3431999981403351,-0.7239000201225281,-0.4787999987602234,0.8945000171661377,0.20749999582767487,0.3986999988555908,0.2264000028371811,0.45170000195503235,-0.7653999924659729,-0.47839999198913574,0.9193999767303467,0.22519999742507935,0.1354999989271164,0.3668000102043152,0.2662999927997589,-0.8809999823570251,-0.4966000020503998,0.9330999851226807,0.24719999730587006,-0.12080000340938568,0.3953999876976013,0.2387000024318695,-0.8787000179290771,-0.5139999985694885,0.9337000250816345,0.2623000144958496,-0.12080000340938568,0.3953999876976013,0.2387000024318695,-0.8787000179290771,-0.4878000020980835,0.890999972820282,0.20110000669956207,0.5885999798774719,0.10840000212192535,-0.3431999981403351,-0.7239000201225281,-0.5157999992370605,0.9375,0.21050000190734863,0.44179999828338623,0.04179999977350235,-0.3118000030517578,-0.8402000069618225,-0.5281000137329102,0.9629999995231628,0.2320999950170517,0.34779998660087585,-9.999999747378752e-05,-0.3384000062942505,-0.8744000196456909,-0.5333999991416931,0.9768999814987183,0.2493000030517578,0.37059998512268066,0.029999999329447746,-0.3614000082015991,-0.8550999760627747,-0.5408999919891357,0.9900000095367432,0.2639000117778778,0.37059998512268066,0.029999999329447746,-0.3614000082015991,-0.8550999760627747,-0.499099999666214,0.8802000284194946,0.2012999951839447,0.5885999798774719,0.10840000212192535,-0.3431999981403351,-0.7239000201225281,-0.5324000120162964,0.9247999787330627,0.21130000054836273,0.18070000410079956,-0.0430000014603138,-0.4027000069618225,-0.8963000178337097,-0.5351999998092651,0.9391999840736389,0.24879999458789825,-0.5515999794006348,-0.3379000127315521,-0.24379999935626984,-0.722599983215332,-0.5156000256538391,0.9229000210762024,0.2529999911785126,-0.8751000165939331,-0.3815000057220459,-0.10029999911785126,-0.28040000796318054,-0.5059999823570251,0.9124000072479248,0.23440000414848328,-0.8751000165939331,-0.3815000057220459,-0.10029999911785126,-0.28040000796318054,-0.5108000040054321,0.8704000115394592,0.20200000703334808,0.5885999798774719,0.10840000212192535,-0.3431999981403351,-0.7239000201225281,-0.5407000184059143,0.9082000255584717,0.21739999949932098,0.11699999868869781,-0.09449999779462814,-0.4458000063896179,-0.8823999762535095,-0.5383999943733215,0.9189000129699707,0.2522999942302704,-0.5547000169754028,-0.413100004196167,-0.2709999978542328,-0.6696000099182129,-0.5170999765396118,0.9059000015258789,0.2533999979496002,-0.8294000029563904,-0.4957999885082245,-0.04470000043511391,-0.2535000145435333,-0.5085999965667725,0.8966000080108643,0.23430000245571136,-0.8294000029563904,-0.4957999885082245,-0.04470000043511391,-0.2535000145435333,-0.5148000121116638,0.8650000095367432,0.20659999549388885,0.5307999849319458,0.07829999923706055,-0.5666999816894531,-0.6252999901771545,-0.544700026512146,0.8895999789237976,0.2248000055551529,0.10369999706745148,-0.17489999532699585,-0.49950000643730164,-0.842199981212616,-0.5392000079154968,0.8996000289916992,0.25119999051094055,-0.5098000168800354,-0.4699999988079071,-0.32260000705718994,-0.6444000005722046,-0.521399974822998,0.8928999900817871,0.25200000405311584,-0.7506999969482422,-0.5964000225067139,-0.05979999899864197,-0.27790001034736633,-0.5116999745368958,0.8859000205993652,0.23520000278949738,-0.7506999969482422,-0.5964000225067139,-0.05979999899864197,-0.27790001034736633,-0.07829999923706055,1.0032000541687012,0.27959999442100525,0.5602999925613403,0.3449000120162964,0.2955000102519989,-0.6926000118255615,-0.09149999916553497,1.0598000288009644,0.2904999852180481,0.5602999925613403,0.3449000120162964,0.2955000102519989,-0.6926000118255615,-0.11180000007152557,1.0327999591827393,0.28220000863075256,0.5257999897003174,0.09740000218153,-0.6108999848365784,-0.5838000178337097,-0.13379999995231628,1.0471999645233154,0.2946000099182129,0.4535999894142151,0.012199999764561653,-0.5375999808311462,-0.7106999754905701,-0.14910000562667847,1.0663000345230103,0.3124000132083893,0.5289999842643738,0.11949999630451202,-0.6176999807357788,-0.5695000290870667,-0.16680000722408295,1.0765000581741333,0.3203999996185303,0.5289999842643738,0.11949999630451202,-0.6176999807357788,-0.5695000290870667,-0.10109999775886536,1.0347000360488892,0.28060001134872437,0.5602999925613403,0.3449000120162964,0.2955000102519989,-0.6926000118255615,-0.10840000212192535,1.086400032043457,0.2777999937534332,0.125900000333786,0.38989999890327454,0.11379999667406082,-0.9050999879837036,-0.131400004029274,1.0972000360488892,0.3003999888896942,-0.08370000123977661,0.40720000863075256,0.050599999725818634,-0.9081000089645386,-0.147599995136261,1.0947999954223633,0.31459999084472656,-0.1265999972820282,0.38420000672340393,0.0478999987244606,-0.9132999777793884,-0.16169999539852142,1.0916999578475952,0.32839998602867126,-0.1265999972820282,0.38420000672340393,0.0478999987244606,-0.9132999777793884,-0.08940000087022781,1.0332000255584717,0.289900004863739,0.5602999925613403,0.3449000120162964,0.2955000102519989,-0.6926000118255615,-0.09350000321865082,1.0865000486373901,0.29109999537467957,0.131400004029274,0.42410001158714294,0.1492999941110611,-0.8834999799728394,-0.12080000340938568,1.1002999544143677,0.31439998745918274,-0.16040000319480896,0.4507000148296356,0.018699999898672104,-0.878000020980835,-0.1404000073671341,1.0937999486923218,0.3276999890804291,-0.2973000109195709,0.4440999925136566,0.010200000368058681,-0.8450999855995178,-0.1573999971151352,1.0835000276565552,0.33799999952316284,-0.2973000109195709,0.4440999925136566,0.010200000368058681,-0.8450999855995178,-0.07919999957084656,1.0322999954223633,0.2976999878883362,0.5602999925613403,0.3449000120162964,0.2955000102519989,-0.6926000118255615,-0.08540000021457672,1.079300045967102,0.3061999976634979,0.12780000269412994,0.44510000944137573,0.19259999692440033,-0.8651999831199646,-0.11050000041723251,1.093000054359436,0.3260999917984009,-0.16439999639987946,0.4941999912261963,0.07760000228881836,-0.8500999808311462,-0.13109999895095825,1.0881999731063843,0.3370000123977661,-0.3343000113964081,0.5224000215530396,-0.005499999970197678,-0.7843999862670898,-0.14920000731945038,1.0777000188827515,0.34290000796318054,-0.3343000113964081,0.5224000215530396,-0.005499999970197678,-0.7843999862670898,-0.07739999890327454,1.030900001525879,0.3050999939441681,0.41679999232292175,0.3580999970436096,0.501800000667572,-0.6679999828338623,-0.07980000227689743,1.0683000087738037,0.3212999999523163,0.0746999979019165,0.5152000188827515,0.2207999974489212,-0.8248000144958496,-0.10220000147819519,1.0779000520706177,0.33390000462532043,-0.19679999351501465,0.5350000262260437,0.12099999934434891,-0.8126000165939331,-0.11890000104904175,1.0743999481201172,0.3402000069618225,-0.302700012922287,0.5857999920845032,0.05270000174641609,-0.7498999834060669,-0.1370999962091446,1.0677000284194946,0.34310001134872437,-0.302700012922287,0.5857999920845032,0.05270000174641609,-0.7498999834060669
1771636680.742324,1472,602,3072.0,3072.0,3072.0,3072.0,3072.0,3072.0,3072.0,3072.0,2540.0,968.0,79.0,2418.0,2389.0,2513.0,2599.0,2650.0,3072.0,3072.0,3072.0,3072.0,3072.0,3072.0,3072.0,3017.0,2446.0,1057.0,0.0,2772.0,2641.0,2571.0,2641.0,2641.0,3038.0,3072.0,3072.0,3072.0,3072.0,3072.0,2813.0,2835.0,2653.0,1512.0,0.0,2706.0,2695.0,2560.0,2641.0,2641.0,3072.0,3048.0,2344.0,3072.0,3072.0,3072.0,3036.0,3072.0,3072.0,531.0,1152.0,2706.0,2641.0,2633.0,2703.0,2703.0,3068.0,2969.0,2962.0,3072.0,3072.0,3072.0,3072.0,3072.0,2434.0,580.0,2335.0,2470.0,2666.0,2513.0,2650.0,2641.0,3064.0,3053.0,3072.0,3069.0,3072.0,3072.0,2743.0,2985.0,2887.0,353.0,2561.0,3064.0,2703.0,2633.0,2650.0,2650.0,3072.0,3072.0,3072.0,3072.0,3072.0,3072.0,3070.0,3072.0,2580.0,3069.0,3068.0,3059.0,2570.0,2560.0,2590.0,2703.0,3072.0,2980.0,3072.0,3072.0,3072.0,3072.0,3070.0,3066.0,2922.0,2768.0,2911.0,3065.0,2180.0,2211.0,2413.0,2550.0,3072.0,3042.0,3072.0,3065.0,3069.0,3011.0,3059.0,3059.0,3072.0,3072.0,3072.0,3066.0,2758.0,2633.0,2703.0,2703.0,2711.0,2965.0,2923.0,3072.0,3072.0,3072.0,3072.0,3072.0,3072.0,3072.0,3072.0,3066.0,2641.0,2633.0,2821.0,2695.0,3072.0,3072.0,3072.0,3072.0,3072.0,3072.0,3072.0,3070.0,3072.0,3029.0,2894.0,2571.0,2590.0,2560.0,2703.0,2641.0,3072.0,3072.0,3072.0,3072.0,3072.0,3072.0,3072.0,2664.0,3072.0,3072.0,3072.0,2373.0,2422.0,2500.0,2590.0,2641.0,3072.0,2948.0,2916.0,3072.0,3072.0,3072.0,3072.0,3072.0,3072.0,3072.0,3072.0,3072.0,0.0,0.0,2597.0,1390.0,3072.0,3072.0,3072.0,3072.0,3072.0,3072.0,3072.0,3072.0,3072.0,3072.0,3072.0,3072.0,2166.0,1494.0,1452.0,0.0,3072.0,3072.0,3072.0,3072.0,3072.0,3072.0,3072.0,3072.0,3072.0,3072.0,3072.0,3072.0,2527.0,2480.0,2308.0,0.0,3072.0,3072.0,3072.0,3072.0,3072.0,3072.0,3072.0,3072.0,3072.0,3072.0,3072.0,3072.0,2902.0,976.0,674.0,0.0,-0.48420000076293945,0.8539999723434448,0.18440000712871552,0.5920000076293945,0.10589999705553055,-0.34119999408721924,-0.7224000096321106,-0.5156000256538391,0.9025999903678894,0.2062000036239624,0.5920000076293945,0.10589999705553055,-0.34119999408721924,-0.7224000096321106,-0.47870001196861267,0.8944000005722046,0.20749999582767487,0.4027000069618225,0.22750000655651093,0.4528999924659729,-0.7621999979019165,-0.4781000018119812,0.9193999767303467,0.22499999403953552,0.1396999955177307,0.36809998750686646,0.2667999863624573,-0.8797000050544739,-0.49630001187324524,0.9333999752998352,0.2468000054359436,-0.11620000004768372,0.3970000147819519,0.23919999599456787,-0.8784999847412109,-0.513700008392334,0.9341999888420105,0.2619999945163727,-0.11620000004768372,0.3970000147819519,0.23919999599456787,-0.8784999847412109,-0.4876999855041504,0.8909000158309937,0.20110000669956207,0.5920000076293945,0.10589999705553055,-0.34119999408721924,-0.7224000096321106,-0.5153999924659729,0.9376000165939331,0.2101999968290329,0.4487999975681305,0.03880000114440918,-0.30709999799728394,-0.8382999897003174,-0.5274999737739563,0.9635000228881836,0.2312999963760376,0.3546999990940094,-0.00279999990016222,-0.33329999446868896,-0.8734999895095825,-0.532800018787384,0.9776999950408936,0.2483000010251999,0.3792000114917755,0.02759999968111515,-0.35670000314712524,-0.8533999919891357,-0.5401999950408936,0.991100013256073,0.26269999146461487,0.3792000114917755,0.02759999968111515,-0.35670000314712524,-0.8533999919891357,-0.49900001287460327,0.8801000118255615,0.2013999968767166,0.5920000076293945,0.10589999705553055,-0.34119999408721924,-0.7224000096321106,-0.5321000218391418,0.925000011920929,0.210999995470047,0.18539999425411224,-0.04450000077486038,-0.3991999924182892,-0.8967999815940857,-0.5347999930381775,0.9398000240325928,0.2484000027179718,-0.5476999878883362,-0.3357999920845032,-0.24089999496936798,-0.7275000214576721,-0.5153999924659729,0.9233999848365784,0.25290000438690186,-0.8737000226974487,-0.37880000472068787,-0.10000000149011612,-0.28839999437332153,-0.5058000087738037,0.9125999808311462,0.2345000058412552,-0.8737000226974487,-0.37880000472068787,-0.10000000149011612,-0.28839999437332153,-0.5108000040054321,0.8704000115394592,0.2021999955177307,0.5920000076293945,0.10589999705553055,-0.34119999408721924,-0.7224000096321106,-0.5404999852180481,0.9085000157356262,0.21719999611377716,0.12290000170469284,-0.09480000287294388,-0.4429999887943268,-0.8830000162124634,-0.5382999777793884,0.9194999933242798,0.25200000405311584,-0.5512999892234802,-0.4115999937057495,-0.2685999870300293,-0.6741999983787537,-0.5170999765396118,0.906499981880188,0.2533999979496002,-0.8287000060081482,-0.4934999942779541,-0.04399999976158142,-0.26019999384880066,-0.5085999965667725,0.8968999981880188,0.2345000058412552,-0.8287000060081482,-0.4934999942779541,-0.04399999976158142,-0.26019999384880066,-0.5148000121116638,0.8651000261306763,0.2069000005722046,0.5338000059127808,0.07509999722242355,-0.5648999810218811,-0.6247000098228455,-0.544700026512146,0.8899999856948853,0.2248000055551529,0.11069999635219574,-0.17399999499320984,-0.49720001220703125,-0.8428000211715698,-0.5393999814987183,0.9003000259399414,0.25110000371932983,-0.5049999952316284,-0.4684999883174896,-0.3215000033378601,-0.6496999859809875,-0.5216000080108643,0.8935999870300293,0.25209999084472656,-0.7491000294685364,-0.5947999954223633,-0.059700001031160355,-0.28540000319480896,-0.5117999911308289,0.8863000273704529,0.23559999465942383,-0.7491000294685364,-0.5947999954223633,-0.059700001031160355,-0.28540000319480896,-0.07819999754428864,1.0027999877929688,0.2793999910354614,0.5587000250816345,0.34540000557899475,0.299699991941452,-0.6919999718666077,-0.09120000153779984,1.059499979019165,0.2904999852180481,0.5587000250816345,0.34540000557899475,0.299699991941452,-0.6919999718666077,-0.11169999837875366,1.0326000452041626,0.2818000018596649,0.527899980545044,0.10019999742507935,-0.6071000099182129,-0.5853999853134155,-0.13369999825954437,1.0470000505447388,0.29409998655319214,0.4512999951839447,0.01269999984651804,-0.5343999862670898,-0.7146000266075134,-0.14890000224113464,1.066100001335144,0.31200000643730164,0.5281999707221985,0.12039999663829803,-0.6144999861717224,-0.5734999775886536,-0.16660000383853912,1.0764000415802002,0.32010000944137573,0.5281999707221985,0.12039999663829803,-0.6144999861717224,-0.5734999775886536,-0.10090000182390213,1.0343999862670898,0.28029999136924744,0.5587000250816345,0.34540000557899475,0.299699991941452,-0.6919999718666077,-0.1080000028014183,1.0861999988555908,0.2777999937534332,0.12189999967813492,0.3928999900817871,0.11559999734163284,-0.9041000008583069,-0.13109999895095825,1.0967999696731567,0.3001999855041504,-0.08410000056028366,0.41019999980926514,0.053199999034404755,-0.906499981880188,-0.14749999344348907,1.0944000482559204,0.314300000667572,-0.125900000333786,0.3873000144958496,0.05079999938607216,-0.911899983882904,-0.16169999539852142,1.0915000438690186,0.3280999958515167,-0.125900000333786,0.3873000144958496,0.05079999938607216,-0.911899983882904,-0.0892999991774559,1.0327999591827393,0.2897999882698059,0.5587000250816345,0.34540000557899475,0.299699991941452,-0.6919999718666077,-0.09319999814033508,1.0861999988555908,0.29120001196861267,0.12939999997615814,0.42660000920295715,0.15230000019073486,-0.882099986076355,-0.12049999833106995,1.100000023841858,0.314300000667572,-0.16060000658035278,0.453900009393692,0.021400000900030136,-0.8762000203132629,-0.14030000567436218,1.093500018119812,0.32749998569488525,-0.29750001430511475,0.44769999384880066,0.012299999594688416,-0.8432000279426575,-0.1573999971151352,1.083299994468689,0.3377000093460083,-0.29750001430511475,0.44769999384880066,0.012299999594688416,-0.8432000279426575,-0.07919999957084656,1.0318000316619873,0.29760000109672546,0.5587000250816345,0.34540000557899475,0.299699991941452,-0.6919999718666077,-0.08510000258684158,1.0788999795913696,0.30630001425743103,0.12549999356269836,0.44749999046325684,0.19550000131130219,-0.8636000156402588,-0.1103999987244606,1.0925999879837036,0.3260999917984009,-0.16599999368190765,0.49729999899864197,0.0794999971985817,-0.8478000164031982,-0.13109999895095825,1.0878000259399414,0.3368000090122223,-0.33550000190734863,0.5256999731063843,-0.00419999985024333,-0.7817000150680542,-0.1492999941110611,1.077299952507019,0.3425999879837036,-0.33550000190734863,0.5256999731063843,-0.00419999985024333,-0.7817000150680542,-0.07729999721050262,1.030400037765503,0.3050999939441681,0.4146000146865845,0.35839998722076416,0.5054000020027161,-0.6664999723434448,-0.07970000058412552,1.0677000284194946,0.321399986743927,0.07410000264644623,0.5170999765396118,0.22450000047683716,-0.8226000070571899,-0.10220000147819519,1.0774999856948853,0.33390000462532043,-0.19519999623298645,0.5376999974250793,0.12489999830722809,-0.810699999332428,-0.11890000104904175,1.0742000341415405,0.3400999903678894,-0.30090001225471497,0.5889000296592712,0.0560000017285347,-0.7480000257492065,-0.1371999979019165,1.0676000118255615,0.34299999475479126,-0.30090001225471497,0.5889000296592712,0.0560000017285347,-0.7480000257492065
1771636680.784159,1513,542,3072.0,3072.0,3072.0,3072.0,3072.0,3072.0,3072.0,3072.0,2599.0,989.0,101.0,2353.0,2446.0,2513.0,2599.0,2650.0,3072.0,3072.0,3072.0,3072.0,3072.0,3072.0,3072.0,3046.0,2446.0,1036.0,0.0,2772.0,2641.0,2571.0,2641.0,2641.0,3038.0,3072.0,3072.0,3072.0,3072.0,3072.0,2815.0,2777.0,2699.0,1131.0,0.0,2779.0,2758.0,2633.0,2703.0,2641.0,3068.0,3072.0,2182.0,3072.0,3072.0,3072.0,3072.0,3072.0,3047.0,792.0,1480.0,2706.0,2641.0,2779.0,2703.0,2703.0,3066.0,3064.0,2962.0,3072.0,3072.0,3072.0,3072.0,3072.0,2434.0,578.0,2465.0,2404.0,2550.0,2583.0,2650.0,2703.0,3064.0,3059.0,3072.0,3065.0,3072.0,3072.0,2815.0,2988.0,2903.0,497.0,2586.0,3064.0,2703.0,2706.0,2650.0,2650.0,3072.0,3072.0,3072.0,3072.0,3072.0,3072.0,3070.0,3072.0,2641.0,3069.0,3067.0,3059.0,2507.0,2486.0,2590.0,2703.0,3072.0,3072.0,3072.0,3072.0,3072.0,3072.0,3072.0,3063.0,2922.0,2855.0,2933.0,3066.0,2130.0,2273.0,2413.0,2550.0,3072.0,3055.0,3072.0,3064.0,3069.0,3072.0,3062.0,3057.0,3072.0,3072.0,3072.0,3066.0,2695.0,2633.0,2641.0,2764.0,2686.0,2992.0,2925.0,3072.0,3072.0,3072.0,3072.0,3072.0,3072.0,3072.0,3072.0,3064.0,2641.0,2633.0,2695.0,2695.0,3072.0,3072.0,3072.0,3072.0,3072.0,3072.0,3072.0,3072.0,3072.0,3022.0,2912.0,2571.0,2529.0,2560.0,2641.0,2641.0,3072.0,3072.0,3072.0,3072.0,3072.0,3072.0,3072.0,2615.0,3072.0,3072.0,3072.0,2443.0,2422.0,2500.0,2590.0,2641.0,3072.0,2920.0,2950.0,3072.0,3072.0,3072.0,3072.0,3072.0,3072.0,3072.0,3072.0,3072.0,0.0,0.0,2715.0,1086.0,3072.0,3072.0,3072.0,3072.0,3072.0,3072.0,3072.0,3072.0,3072.0,3072.0,3072.0,3072.0,2157.0,1518.0,1698.0,0.0,3072.0,3072.0,3072.0,3072.0,3072.0,3072.0,3072.0,3072.0,3072.0,3072.0,3072.0,3072.0,2604.0,2688.0,2230.0,0.0,3072.0,3072.0,3072.0,3072.0,3072.0,3072.0,3072.0,3072.0,3072.0,3072.0,3072.0,3072.0,2914.0,881.0,587.0,0.0,-0.48420000076293945,0.8537999987602234,0.18479999899864197,0.5956000089645386,0.10339999943971634,-0.33880001306533813,-0.7210000157356262,-0.5152000188827515,0.9027000069618225,0.2062000036239624,0.5956000089645386,0.10339999943971634,-0.33880001306533813,-0.7210000157356262,-0.47839999198913574,0.8944000005722046,0.20759999752044678,0.4065999984741211,0.22869999706745148,0.4546000063419342,-0.7587000131607056,-0.47769999504089355,0.9194999933242798,0.2248000055551529,0.14300000667572021,0.3698999881744385,0.26759999990463257,-0.8781999945640564,-0.4957999885082245,0.9337000250816345,0.24650000035762787,-0.11309999972581863,0.3993000090122223,0.2393999993801117,-0.8777999877929688,-0.5133000016212463,0.9347000122070312,0.26159998774528503,-0.11309999972581863,0.3993000090122223,0.2393999993801117,-0.8777999877929688,-0.48739999532699585,0.8909000158309937,0.2011999934911728,0.5956000089645386,0.10339999943971634,-0.33880001306533813,-0.7210000157356262,-0.5148000121116638,0.9377999901771545,0.20980000495910645,0.45590001344680786,0.03680000081658363,-0.3027999997138977,-0.8360999822616577,-0.5267999768257141,0.9641000032424927,0.2303999960422516,0.361299991607666,-0.004900000058114529,-0.3287999927997589,-0.8725000023841858,-0.5320000052452087,0.9785000085830688,0.24729999899864197,0.38690000772476196,0.025699999183416367,-0.352400004863739,-0.8518000245094299,-0.5393999814987183,0.9922000169754028,0.2612999975681305,0.38690000772476196,0.025699999183416367,-0.352400004863739,-0.8518000245094299,-0.49880000948905945,0.8802000284194946,0.20160000026226044,0.5956000089645386,0.10339999943971634,-0.33880001306533813,-0.7210000157356262,-0.5315999984741211,0.9253000020980835,0.21070000529289246,0.19189999997615814,-0.045099999755620956,-0.3953999876976013,-0.8970999717712402,-0.5343999862670898,0.9405999779701233,0.24779999256134033,-0.542900025844574,-0.33329999446868896,-0.23819999396800995,-0.7330999970436096,-0.5151000022888184,0.9240999817848206,0.25270000100135803,-0.8718000054359436,-0.37560001015663147,-0.10019999742507935,-0.2980000078678131,-0.5054000020027161,0.9129999876022339,0.2345999926328659,-0.8718000054359436,-0.37560001015663147,-0.10019999742507935,-0.2980000078678131,-0.5105999708175659,0.8705000281333923,0.20239999890327454,0.5956000089645386,0.10339999943971634,-0.33880001306533813,-0.7210000157356262,-0.5400999784469604,0.9089999794960022,0.21699999272823334,0.13359999656677246,-0.09269999712705612,-0.44029998779296875,-0.8830000162124634,-0.5383999943733215,0.9205999970436096,0.2515999972820282,-0.5443000197410583,-0.40880000591278076,-0.2678000032901764,-0.6819000244140625,-0.517300009727478,0.9075000286102295,0.2535000145435333,-0.8264999985694885,-0.4912000000476837,-0.04529999941587448,-0.27140000462532043,-0.508400022983551,0.897599995136261,0.23489999771118164,-0.8264999985694885,-0.4912000000476837,-0.04529999941587448,-0.27140000462532043,-0.5146999955177307,0.8651999831199646,0.2071000039577484,0.5371999740600586,0.07169999927282333,-0.5626999735832214,-0.6241999864578247,-0.5443999767303467,0.890500009059906,0.22470000386238098,0.1251000016927719,-0.16899999976158142,-0.49559998512268066,-0.8427000045776367,-0.5397999882698059,0.9014000296592712,0.25099998712539673,-0.49410000443458557,-0.4650000035762787,-0.3237000107765198,-0.6593999862670898,-0.5220000147819519,0.8946999907493591,0.2524999976158142,-0.7444999814033508,-0.5932999849319458,-0.06310000270605087,-0.299699991941452,-0.5116999745368958,0.8871999979019165,0.2363000065088272,-0.7444999814033508,-0.5932999849319458,-0.06310000270605087,-0.299699991941452,-0.07819999754428864,1.0026999711990356,0.2791999876499176,0.559499979019165,0.34529998898506165,0.2985999882221222,-0.6917999982833862,-0.09130000323057175,1.059499979019165,0.29019999504089355,0.559499979019165,0.34529998898506165,0.2985999882221222,-0.6917999982833862,-0.11180000007152557,1.0325000286102295,0.2816999852657318,0.5282999873161316,0.09939999878406525,-0.6075999736785889,-0.5845999717712402,-0.1339000016450882,1.0470000505447388,0.2939000129699707,0.44999998807907104,0.010400000028312206,-0.5350000262260437,-0.7149999737739563,-0.14890000224113464,1.066100001335144,0.31189998984336853,0.5271999835968018,0.11879999935626984,-0.6154000163078308,-0.5738000273704529,-0.16660000383853912,1.0764000415802002,0.32010000944137573,0.5271999835968018,0.11879999935626984,-0.6154000163078308,-0.5738000273704529,-0.10100000351667404,1.0342999696731567,0.2800999879837036,0.559499979019165,0.34529998898506165,0.2985999882221222,-0.6917999982833862,-0.10809999704360962,1.0861999988555908,0.2775000035762787,0.12049999833106995,0.39259999990463257,0.1136000007390976,-0.904699981212616,-0.13130000233650208,1.0966999530792236,0.30000001192092896,-0.08380000293254852,0.40939998626708984,0.05209999904036522,-0.9070000052452087,-0.147599995136261,1.0943000316619873,0.3140999972820282,-0.1251000016927719,0.3864000141620636,0.05000000074505806,-0.9124000072479248,-0.16179999709129333,1.0913000106811523,0.328000009059906,-0.1251000016927719,0.3864000141620636,0.05000000074505806,-0.9124000072479248,-0.0892999991774559,1.0327999591827393,0.28949999809265137,0.559499979019165,0.34529998898506165,0.2985999882221222,-0.6917999982833862,-0.093299999833107,1.086300015449524,0.29089999198913574,0.1298999935388565,0.4260999858379364,0.15129999816417694,-0.8823999762535095,-0.12060000002384186,1.100000023841858,0.3140999972820282,-0.1607999950647354,0.45320001244544983,0.020400000736117363,-0.8766000270843506,-0.1404000073671341,1.093500018119812,0.3273000121116638,-0.29809999465942383,0.44679999351501465,0.011300000362098217,-0.843500018119812,-0.1574999988079071,1.083299994468689,0.3375000059604645,-0.29809999465942383,0.44679999351501465,0.011300000362098217,-0.843500018119812,-0.07919999957084656,1.0318000316619873,0.29739999771118164,0.559499979019165,0.34529998898506165,0.2985999882221222,-0.6917999982833862,-0.0851999968290329,1.0789999961853027,0.3059999942779541,0.1257999986410141,0.4471000134944916,0.19429999589920044,-0.8640000224113464,-0.11050000041723251,1.0925999879837036,0.32589998841285706,-0.16660000383853912,0.4966999888420105,0.07819999754428864,-0.8482000231742859,-0.13109999895095825,1.0878000259399414,0.33660000562667847,-0.33649998903274536,0.5248000025749207,-0.005499999970197678,-0.7817999720573425,-0.1492999941110611,1.0772000551223755,0.3424000144004822,-0.33649998903274536,0.5248000025749207,-0.005499999970197678,-0.7817999720573425,-0.07739999890327454,1.030400037765503,0.30489999055862427,0.4156000018119812,0.35850000381469727,0.5044999718666077,-0.6664999723434448,-0.07970000058412552,1.0678000450134277,0.32109999656677246,0.07509999722242355,0.516700029373169,0.22349999845027924,-0.8230000138282776,-0.10220000147819519,1.0776000022888184,0.3336000144481659,-0.19370000064373016,0.5370000004768372,0.12439999729394913,-0.8115000128746033,-0.11890000104904175,1.0743000507354736,0.3400000035762787,-0.3001999855041504,0.5881999731063843,0.05510000139474869,-0.7488999962806702,-0.1371999979019165,1.0677000284194946,0.34279999136924744,-0.3001999855041504,0.5881999731063843,0.05510000139474869,-0.7488999962806702
1771636680.826343,1556,565,3072.0,3072.0,3072.0,3072.0,3072.0,3072.0,3072.0,3072.0,2599.0,989.0,101.0,2353.0,2446.0,2513.0,2599.0,2650.0,3072.0,3072.0,3072.0,3072.0,3072.0,3072.0,3072.0,3046.0,2503.0,856.0,0.0,2847.0,2703.0,2571.0,2703.0,2703.0,3038.0,3072.0,3072.0,3072.0,3072.0,3072.0,2845.0,2905.0,2699.0,1448.0,0.0,2779.0,2695.0,2633.0,2703.0,2703.0,3072.0,3072.0,2182.0,3072.0,3072.0,3072.0,2961.0,3072.0,3072.0,751.0,1584.0,2779.0,2703.0,2633.0,2703.0,2703.0,3072.0,3013.0,2852.0,3072.0,3072.0,3072.0,3072.0,3072.0,2550.0,482.0,2529.0,2537.0,2492.0,2513.0,2650.0,2703.0,3067.0,3059.0,3072.0,3062.0,3072.0,3072.0,2825.0,3012.0,2903.0,467.0,2614.0,3064.0,2641.0,2633.0,2650.0,2650.0,3072.0,3072.0,3072.0,3072.0,3072.0,3072.0,3070.0,3072.0,2641.0,3069.0,3067.0,3061.0,2507.0,2560.0,2590.0,2641.0,3072.0,3027.0,3072.0,3072.0,3072.0,3072.0,3067.0,3060.0,2997.0,2787.0,2935.0,3066.0,2130.0,2211.0,2413.0,2492.0,3072.0,3022.0,3072.0,3061.0,3072.0,3072.0,3058.0,3054.0,3072.0,3072.0,3072.0,3066.0,2695.0,2633.0,2641.0,2641.0,2893.0,2987.0,2919.0,3072.0,3072.0,3072.0,3072.0,3034.0,3072.0,3072.0,3072.0,3066.0,2641.0,2633.0,2695.0,2758.0,3072.0,3072.0,3072.0,3072.0,3072.0,3072.0,3072.0,3018.0,3072.0,3060.0,2887.0,2571.0,2529.0,2560.0,2641.0,2703.0,3072.0,3072.0,3072.0,3072.0,3072.0,3072.0,3072.0,2549.0,3072.0,3072.0,3072.0,2443.0,2363.0,2500.0,2590.0,2641.0,3072.0,3041.0,3028.0,3072.0,3072.0,3072.0,3072.0,3072.0,3072.0,3072.0,3072.0,3072.0,0.0,0.0,2578.0,1029.0,3072.0,3072.0,3072.0,3072.0,3072.0,3072.0,3072.0,3072.0,3072.0,3072.0,3072.0,3072.0,2137.0,1527.0,1567.0,0.0,3072.0,3072.0,3072.0,3072.0,3072.0,3072.0,3072.0,3072.0,3072.0,3072.0,3072.0,3072.0,2435.0,2502.0,2252.0,0.0,3072.0,3072.0,3072.0,3072.0,3072.0,3072.0,3072.0,3072.0,3072.0,3072.0,3072.0,3072.0,2920.0,796.0,487.0,0.0,-0.48399999737739563,0.853600025177002,0.18520000576972961,0.5983999967575073,0.10080000013113022,-0.336899995803833,-0.7199000120162964,-0.5146999955177307,0.902899980545044,0.2062000036239624,0.5983999967575073,0.10080000013113022,-0.336899995803833,-0.7199000120162964,-0.4778999984264374,0.8942999839782715,0.2076999992132187,0.41110000014305115,0.2287999987602234,0.45570001006126404,-0.7555999755859375,-0.4771000146865845,0.9196000099182129,0.22460000216960907,0.14560000598430634,0.37070000171661377,0.2678000032901764,-0.8773000240325928,-0.4952000081539154,0.9340000152587891,0.24619999527931213,-0.11079999804496765,0.40049999952316284,0.23909999430179596,-0.8776000142097473,-0.5126000046730042,0.9350000023841858,0.2612999975681305,-0.11079999804496765,0.40049999952316284,0.23909999430179596,-0.8776000142097473,-0.4869999885559082,0.8907999992370605,0.2012999951839447,0.5983999967575073,0.10080000013113022,-0.336899995803833,-0.7199000120162964,-0.51419997215271,0.9379000067710876,0.20960000157356262,0.4625999927520752,0.035100001841783524,-0.2994999885559082,-0.8337000012397766,-0.5260999798774719,0.9646000266075134,0.2298000007867813,0.36800000071525574,-0.006500000134110451,-0.325300008058548,-0.8709999918937683,-0.5313000082969666,0.9793000221252441,0.24639999866485596,0.3944000005722046,0.02410000003874302,-0.3490999937057495,-0.8496999740600586,-0.5386999845504761,0.9932000041007996,0.26030001044273376,0.3944000005722046,0.02410000003874302,-0.3490999937057495,-0.8496999740600586,-0.4984000027179718,0.8802000284194946,0.20180000364780426,0.5983999967575073,0.10080000013113022,-0.336899995803833,-0.7199000120162964,-0.531000018119812,0.925599992275238,0.21060000360012054,0.20080000162124634,-0.044599998742341995,-0.3921999931335449,-0.8966000080108643,-0.5340999960899353,0.9413999915122986,0.2475000023841858,-0.5354999899864197,-0.3303000032901764,-0.23690000176429749,-0.7402999997138977,-0.5149000287055969,0.925000011920929,0.25279998779296875,-0.8680999875068665,-0.373199999332428,-0.10220000147819519,-0.3107999861240387,-0.5049999952316284,0.9133999943733215,0.23510000109672546,-0.8680999875068665,-0.373199999332428,-0.10220000147819519,-0.3107999861240387,-0.5102999806404114,0.8705999851226807,0.20270000398159027,0.5983999967575073,0.10080000013113022,-0.336899995803833,-0.7199000120162964,-0.5396000146865845,0.9093000292778015,0.21699999272823334,0.15070000290870667,-0.08730000257492065,-0.4390000104904175,-0.8815000057220459,-0.5388000011444092,0.9218000173568726,0.2513999938964844,-0.5317000150680542,-0.4049000144004822,-0.2702000141143799,-0.6930000185966492,-0.5177000164985657,0.9089000225067139,0.2540000081062317,-0.8212000131607056,-0.48980000615119934,-0.04989999905228615,-0.28850001096725464,-0.5083000063896179,0.8985000252723694,0.23600000143051147,-0.8212000131607056,-0.48980000615119934,-0.04989999905228615,-0.28850001096725464,-0.5145000219345093,0.8654000163078308,0.20739999413490295,0.5396999716758728,0.06859999895095825,-0.5609999895095825,-0.6238999962806702,-0.5440000295639038,0.8909000158309937,0.2249000072479248,0.14749999344348907,-0.15889999270439148,-0.4957999885082245,-0.8410000205039978,-0.5404999852180481,0.9025999903678894,0.250900000333786,-0.4754999876022339,-0.45969998836517334,-0.33070001006126404,-0.6732000112533569,-0.5228000283241272,0.8962000012397766,0.2533000111579895,-0.7350999712944031,-0.5927000045776367,-0.07109999656677246,-0.3212999999523163,-0.5117999911308289,0.8883000016212463,0.2378000020980835,-0.7350999712944031,-0.5927000045776367,-0.07109999656677246,-0.3212999999523163,-0.07840000092983246,1.0029000043869019,0.2793000042438507,0.5605000257492065,0.34470000863075256,0.2969000041484833,-0.6919999718666077,-0.09149999916553497,1.0597000122070312,0.29019999504089355,0.5605000257492065,0.34470000863075256,0.2969000041484833,-0.6919999718666077,-0.1120000034570694,1.0326999425888062,0.2818000018596649,0.5278000235557556,0.09809999912977219,-0.609000027179718,-0.583899974822998,-0.13410000503063202,1.0471999645233154,0.29409998655319214,0.4490000009536743,0.008299999870359898,-0.5361999869346619,-0.7146999835968018,-0.14900000393390656,1.0663000345230103,0.31220000982284546,0.526199996471405,0.11729999631643295,-0.6168000102043152,-0.5734000205993652,-0.16670000553131104,1.07669997215271,0.3203999996185303,0.526199996471405,0.11729999631643295,-0.6168000102043152,-0.5734000205993652,-0.10119999945163727,1.034500002861023,0.2802000045776367,0.5605000257492065,0.34470000863075256,0.2969000041484833,-0.6919999718666077,-0.10840000212192535,1.0865000486373901,0.2775000035762787,0.1200999990105629,0.391400009393692,0.1120000034570694,-0.9054999947547913,-0.1316000074148178,1.0967999696731567,0.3000999987125397,-0.08330000191926956,0.4077000021934509,0.05130000039935112,-0.9078999757766724,-0.14790000021457672,1.0944000482559204,0.314300000667572,-0.1242000013589859,0.3847000002861023,0.0494999997317791,-0.9132999777793884,-0.16200000047683716,1.0915000438690186,0.32820001244544983,-0.1242000013589859,0.3847000002861023,0.0494999997317791,-0.9132999777793884,-0.08950000256299973,1.0329999923706055,0.2896000146865845,0.5605000257492065,0.34470000863075256,0.2969000041484833,-0.6919999718666077,-0.09350000321865082,1.0865000486373901,0.290800005197525,0.1298999935388565,0.42480000853538513,0.1500999927520752,-0.8833000063896179,-0.120899997651577,1.1002000570297241,0.3140999972820282,-0.16169999539852142,0.45159998536109924,0.019300000742077827,-0.8773000240325928,-0.14059999585151672,1.0937000513076782,0.32749998569488525,-0.29919999837875366,0.4449999928474426,0.010400000028312206,-0.843999981880188,-0.15760000050067902,1.083299994468689,0.3377000093460083,-0.29919999837875366,0.4449999928474426,0.010400000028312206,-0.843999981880188,-0.07930000126361847,1.031999945640564,0.29750001430511475,0.5605000257492065,0.34470000863075256,0.2969000041484833,-0.6919999718666077,-0.08540000021457672,1.079300045967102,0.3059999942779541,0.1257999986410141,0.44600000977516174,0.19300000369548798,-0.8648999929428101,-0.11060000211000443,1.092900037765503,0.32589998841285706,-0.1673000007867813,0.4952000081539154,0.0771000012755394,-0.8490999937057495,-0.13130000233650208,1.0880000591278076,0.3366999924182892,-0.337799996137619,0.5231999754905701,-0.006500000134110451,-0.7824000120162964,-0.149399995803833,1.077299952507019,0.3425999879837036,-0.337799996137619,0.5231999754905701,-0.006500000134110451,-0.7824000120162964,-0.07750000059604645,1.0306999683380127,0.30489999055862427,0.41690000891685486,0.3580999970436096,0.503000020980835,-0.6669999957084656,-0.07980000227689743,1.0681999921798706,0.32109999656677246,0.07509999722242355,0.5156999826431274,0.22210000455379486,-0.8241000175476074,-0.1023000031709671,1.0779000520706177,0.3337000012397766,-0.193900004029274,0.5356000065803528,0.1234000027179718,-0.8126000165939331,-0.11900000274181366,1.0744999647140503,0.3400999903678894,-0.30169999599456787,0.5867999792098999,0.05350000038743019,-0.7494999766349792,-0.13729999959468842,1.0678999423980713,0.34299999475479126,-0.30169999599456787,0.5867999792098999,0.05350000038743019,-0.7494999766349792
1771636680.869753,1596,573,3072.0,3072.0,3072.0,3072.0,3072.0,3072.0,3072.0,3072.0,2599.0,990.0,0.0,2418.0,2503.0,2513.0,2540.0,2590.0,3072.0,3072.0,3072.0,3072.0,3072.0,3072.0,3072.0,2817.0,2446.0,985.0,0.0,2697.0,2641.0,2571.0,2703.0,2703.0,3038.0,3072.0,3072.0,3072.0,3072.0,3072.0,2742.0,2842.0,2653.0,1468.0,0.0,2706.0,2695.0,2633.0,2703.0,2641.0,3070.0,3068.0,1940.0,3072.0,3072.0,3072.0,3072.0,3072.0,3059.0,704.0,1556.0,2633.0,2641.0,2633.0,2641.0,2703.0,3072.0,3035.0,2523.0,3072.0,3072.0,3072.0,3023.0,3072.0,2434.0,447.0,2572.0,2404.0,2492.0,2513.0,2590.0,2641.0,3064.0,3053.0,3072.0,3058.0,3072.0,3072.0,2834.0,2998.0,2887.0,320.0,2578.0,3064.0,2641.0,2633.0,2710.0,2650.0,3072.0,3072.0,3072.0,3072.0,3072.0,3072.0,3070.0,3072.0,2580.0,3069.0,3067.0,3059.0,2507.0,2486.0,2529.0,2641.0,3072.0,3072.0,3072.0,3072.0,3072.0,3072.0,3068.0,3064.0,3072.0,2803.0,2932.0,3066.0,2130.0,2211.0,2358.0,2550.0,3072.0,3006.0,3072.0,3064.0,3072.0,3041.0,3065.0,3057.0,3072.0,3072.0,3072.0,3065.0,2695.0,2560.0,2641.0,2641.0,2755.0,2985.0,2748.0,3072.0,3072.0,3072.0,3072.0,3069.0,3072.0,3072.0,3072.0,3066.0,2641.0,2560.0,2695.0,2695.0,3072.0,3072.0,3072.0,3072.0,3072.0,3072.0,3072.0,3035.0,3072.0,2981.0,2867.0,2643.0,2529.0,2560.0,2641.0,2641.0,3072.0,3072.0,3072.0,3072.0,3072.0,3072.0,3072.0,2598.0,3072.0,3072.0,3072.0,2513.0,2363.0,2500.0,2590.0,2641.0,3072.0,3032.0,3061.0,3072.0,3072.0,3072.0,3072.0,3072.0,3072.0,3072.0,3072.0,3072.0,0.0,0.0,2497.0,1148.0,3072.0,3072.0,3072.0,3072.0,3072.0,3072.0,3072.0,3072.0,3072.0,3072.0,3072.0,3072.0,2239.0,1492.0,1522.0,0.0,3072.0,3072.0,3072.0,3072.0,3072.0,3072.0,3072.0,3072.0,3072.0,3072.0,3072.0,3072.0,2498.0,2531.0,2287.0,0.0,3072.0,3072.0,3072.0,3072.0,3072.0,3072.0,3072.0,3072.0,3072.0,3072.0,3072.0,3072.0,3033.0,768.0,353.0,0.0,-0.4837999939918518,0.8533999919891357,0.18559999763965607,0.6008999943733215,0.09870000183582306,-0.33550000190734863,-0.7186999917030334,-0.5142999887466431,0.902899980545044,0.2062000036239624,0.6008999943733215,0.09870000183582306,-0.33550000190734863,-0.7186999917030334,-0.47749999165534973,0.8942000269889832,0.20759999752044678,0.4163999855518341,0.22849999368190765,0.45590001344680786,-0.7526999711990356,-0.4763999879360199,0.919700026512146,0.22429999709129333,0.1485999971628189,0.3709000051021576,0.2669999897480011,-0.8769999742507935,-0.4945000112056732,0.9341999888420105,0.2459000051021576,-0.10840000212192535,0.4009000062942505,0.23810000717639923,-0.878000020980835,-0.511900007724762,0.9352999925613403,0.26089999079704285,-0.10840000212192535,0.4009000062942505,0.23810000717639923,-0.878000020980835,-0.48660001158714294,0.8906999826431274,0.2013999968767166,0.6008999943733215,0.09870000183582306,-0.33550000190734863,-0.7186999917030334,-0.5135999917984009,0.9380000233650208,0.2093999981880188,0.46779999136924744,0.03310000151395798,-0.29660001397132874,-0.8319000005722046,-0.5253999829292297,0.964900016784668,0.22930000722408295,0.3734000027179718,-0.008299999870359898,-0.3222000002861023,-0.8698999881744385,-0.5306000113487244,0.9797999858856201,0.24570000171661377,0.40049999952316284,0.02239999920129776,-0.34619998931884766,-0.8481000065803528,-0.5378999710083008,0.9940000176429749,0.25929999351501465,0.40049999952316284,0.02239999920129776,-0.34619998931884766,-0.8481000065803528,-0.49810001254081726,0.8802000284194946,0.20190000534057617,0.6008999943733215,0.09870000183582306,-0.33550000190734863,-0.7186999917030334,-0.5304999947547913,0.9257000088691711,0.21050000190734863,0.21150000393390656,-0.04320000112056732,-0.38960000872612,-0.8952999711036682,-0.5339999794960022,0.9422000050544739,0.24699999392032623,-0.5253000259399414,-0.32690000534057617,-0.2371000051498413,-0.7490000128746033,-0.5149999856948853,0.9258999824523926,0.2529999911785126,-0.8623999953269958,-0.3714999854564667,-0.10610000044107437,-0.32710000872612,-0.5045999884605408,0.9138000011444092,0.23589999973773956,-0.8623999953269958,-0.3714999854564667,-0.10610000044107437,-0.32710000872612,-0.5101000070571899,0.8705999851226807,0.2029000073671341,0.6008999943733215,0.09870000183582306,-0.33550000190734863,-0.7186999917030334,-0.5392000079154968,0.909500002861023,0.21699999272823334,0.16750000417232513,-0.08179999887943268,-0.4381999969482422,-0.8792999982833862,-0.5393000245094299,0.9228000044822693,0.25099998712539673,-0.5188000202178955,-0.40139999985694885,-0.27300000190734863,-0.7038000226020813,-0.5181999802589417,0.910099983215332,0.25450000166893005,-0.8151000142097473,-0.48899999260902405,-0.05480000004172325,-0.30570000410079956,-0.5083000063896179,0.8992999792098999,0.2370000034570694,-0.8151000142097473,-0.48899999260902405,-0.05480000004172325,-0.30570000410079956,-0.51419997215271,0.8654000163078308,0.2076999992132187,0.5418999791145325,0.0658000037074089,-0.5598000288009644,-0.6234999895095825,-0.5436999797821045,0.8912000060081482,0.2249000072479248,0.16660000383853912,-0.15039999783039093,-0.4961000084877014,-0.8388000130653381,-0.5411999821662903,0.9035000205039978,0.2508000135421753,-0.459199994802475,-0.4553000032901764,-0.3366999924182892,-0.684499979019165,-0.5234000086784363,0.8974000215530396,0.2538999915122986,-0.7264000177383423,-0.5924000144004822,-0.0778999999165535,-0.33959999680519104,-0.511900007724762,0.8892999887466431,0.23899999260902405,-0.7264000177383423,-0.5924000144004822,-0.0778999999165535,-0.33959999680519104,-0.0786999985575676,1.0027999877929688,0.27959999442100525,0.5612999796867371,0.34369999170303345,0.2964000105857849,-0.6920999884605408,-0.0917000025510788,1.0597000122070312,0.2904999852180481,0.5612999796867371,0.34369999170303345,0.2964000105857849,-0.6920999884605408,-0.11230000108480453,1.0326999425888062,0.28209999203681946,0.5271000266075134,0.09650000184774399,-0.6093999743461609,-0.5842999815940857,-0.13429999351501465,1.0471999645233154,0.2944999933242798,0.44940000772476196,0.007400000002235174,-0.536300003528595,-0.7143999934196472,-0.14920000731945038,1.0664000511169434,0.3125999867916107,0.5267000198364258,0.11659999936819077,-0.6171000003814697,-0.5728999972343445,-0.16689999401569366,1.07669997215271,0.3208000063896179,0.5267000198364258,0.11659999936819077,-0.6171000003814697,-0.5728999972343445,-0.1014999970793724,1.034500002861023,0.28049999475479126,0.5612999796867371,0.34369999170303345,0.2964000105857849,-0.6920999884605408,-0.10869999974966049,1.086400032043457,0.2777999937534332,0.11919999867677689,0.3903000056743622,0.11159999668598175,-0.9060999751091003,-0.13179999589920044,1.0966999530792236,0.3003999888896942,-0.08330000191926956,0.4065999984741211,0.051600001752376556,-0.90829998254776,-0.14810000360012054,1.0944000482559204,0.31470000743865967,-0.12359999865293503,0.38350000977516174,0.05009999871253967,-0.9139000177383423,-0.16220000386238098,1.0914000272750854,0.3287000060081482,-0.12359999865293503,0.38350000977516174,0.05009999871253967,-0.9139000177383423,-0.08980000019073486,1.0328999757766724,0.289900004863739,0.5612999796867371,0.34369999170303345,0.2964000105857849,-0.6920999884605408,-0.09369999915361404,1.0865000486373901,0.29109999537467957,0.12870000302791595,0.4239000082015991,0.14959999918937683,-0.8840000033378601,-0.12110000103712082,1.100100040435791,0.31450000405311584,-0.163100004196167,0.4505000114440918,0.019099999219179153,-0.8774999976158142,-0.14069999754428864,1.093500018119812,0.3278000056743622,-0.30079999566078186,0.4438000023365021,0.010200000368058681,-0.843999981880188,-0.15770000219345093,1.0830999612808228,0.33809998631477356,-0.30079999566078186,0.4438000023365021,0.010200000368058681,-0.843999981880188,-0.07959999889135361,1.031999945640564,0.2976999878883362,0.5612999796867371,0.34369999170303345,0.2964000105857849,-0.6920999884605408,-0.08560000360012054,1.079300045967102,0.3061999976634979,0.12489999830722809,0.44510000944137573,0.19259999692440033,-0.8655999898910522,-0.11079999804496765,1.0928000211715698,0.326200008392334,-0.16869999468326569,0.4941999912261963,0.07680000364780426,-0.8493000268936157,-0.131400004029274,1.0878000259399414,0.33709999918937683,-0.3400000035762787,0.5220999717712402,-0.007000000216066837,-0.7821000218391418,-0.14949999749660492,1.0771000385284424,0.34290000796318054,-0.3400000035762787,0.5220999717712402,-0.007000000216066837,-0.7821000218391418,-0.07769999653100967,1.0305999517440796,0.3052000105381012,0.4178999960422516,0.3571999967098236,0.5026999711990356,-0.6671000123023987,-0.07999999821186066,1.0680999755859375,0.321399986743927,0.07479999959468842,0.5148000121116638,0.22200000286102295,-0.8246999979019165,-0.10249999910593033,1.0778000354766846,0.33399999141693115,-0.1949000060558319,0.5347999930381775,0.12330000102519989,-0.8129000067710876,-0.11919999867677689,1.0744999647140503,0.34040001034736633,-0.3041999936103821,0.5860999822616577,0.05249999836087227,-0.7491000294685364,-0.13740000128746033,1.0677000284194946,0.3433000147342682,-0.3041999936103821,0.5860999822616577,0.05249999836087227,-0.7491000294685364
1771636680.908262,1638,571,3072.0,3072.0,3072.0,3072.0,3072.0,3072.0,3072.0,3072.0,2599.0,960.0,0.0,2418.0,2446.0,2583.0,2540.0,2650.0,3072.0,3072.0,3072.0,3072.0,3072.0,3072.0,3072.0,2766.0,2503.0,1005.0,0.0,2697.0,2641.0,2571.0,2703.0,2703.0,3038.0,3072.0,3072.0,3072.0,3072.0,3072.0,2849.0,2829.0,2699.0,1466.0,0.0,2706.0,2695.0,2633.0,2641.0,2703.0,3072.0,3072.0,1940.0,3072.0,3072.0,3072.0,3072.0,3072.0,3072.0,723.0,1523.0,2706.0,2641.0,2633.0,2703.0,2703.0,3072.0,3072.0,2523.0,3072.0,3072.0,3072.0,2948.0,3072.0,2492.0,442.0,2550.0,2404.0,2550.0,2513.0,2590.0,2703.0,3064.0,3059.0,2976.0,3055.0,3072.0,3072.0,2891.0,3021.0,2903.0,248.0,2562.0,3064.0,2641.0,2633.0,2650.0,2650.0,3072.0,3072.0,3072.0,3072.0,3072.0,3072.0,3072.0,3072.0,2641.0,3069.0,3067.0,3059.0,2507.0,2486.0,2590.0,2641.0,3072.0,3069.0,3072.0,3072.0,3072.0,3072.0,3072.0,3062.0,2997.0,2731.0,2895.0,3066.0,2180.0,2211.0,2413.0,2550.0,3072.0,3052.0,3072.0,3060.0,3072.0,3011.0,3061.0,3056.0,3072.0,3072.0,3072.0,3065.0,2695.0,2633.0,2641.0,2641.0,2869.0,2997.0,2825.0,3072.0,3072.0,3072.0,3072.0,3067.0,3072.0,3072.0,3072.0,3064.0,2580.0,2633.0,2695.0,2695.0,3072.0,3072.0,3072.0,3072.0,3072.0,3072.0,3072.0,3041.0,3072.0,2969.0,2911.0,2643.0,2469.0,2560.0,2641.0,2641.0,3072.0,3072.0,3072.0,3072.0,3072.0,3072.0,3072.0,2604.0,3072.0,3072.0,3072.0,2443.0,2422.0,2500.0,2590.0,2641.0,3072.0,2952.0,2964.0,3072.0,3072.0,3072.0,3072.0,3072.0,3072.0,3072.0,3072.0,3072.0,0.0,0.0,2675.0,1263.0,3072.0,3072.0,3072.0,3072.0,3072.0,3072.0,3072.0,3072.0,3072.0,3072.0,3072.0,3072.0,2246.0,1347.0,1575.0,0.0,3072.0,3072.0,3072.0,3072.0,3072.0,3072.0,3072.0,3072.0,3072.0,3072.0,3072.0,3072.0,2495.0,2402.0,2114.0,0.0,3072.0,3072.0,3072.0,3072.0,3072.0,3072.0,3072.0,3072.0,3072.0,3072.0,3072.0,3072.0,3009.0,806.0,487.0,0.0,-0.483599990606308,0.8531000018119812,0.1860000044107437,0.6033999919891357,0.09619999676942825,-0.334199994802475,-0.7175999879837036,-0.5138999819755554,0.9028000235557556,0.20630000531673431,0.6033999919891357,0.09619999676942825,-0.334199994802475,-0.7175999879837036,-0.4771000146865845,0.8939999938011169,0.20759999752044678,0.4221000075340271,0.22789999842643738,0.4560000002384186,-0.7495999932289124,-0.4758000075817108,0.9196000099182129,0.2240999937057495,0.1526000052690506,0.37049999833106995,0.26660001277923584,-0.8766000270843506,-0.49380001425743103,0.9343000054359436,0.24549999833106995,-0.10520000010728836,0.4009999930858612,0.23739999532699585,-0.8784999847412109,-0.5112000107765198,0.9355999827384949,0.2606000006198883,-0.10520000010728836,0.4009999930858612,0.23739999532699585,-0.8784999847412109,-0.486299991607666,0.890500009059906,0.20149999856948853,0.6033999919891357,0.09619999676942825,-0.334199994802475,-0.7175999879837036,-0.5131000280380249,0.9379000067710876,0.2092999964952469,0.4715000092983246,0.029899999499320984,-0.29350000619888306,-0.8310999870300293,-0.5246999859809875,0.9650999903678894,0.2289000004529953,0.3772999942302704,-0.010999999940395355,-0.3188000023365021,-0.8694000244140625,-0.529699981212616,0.9801999926567078,0.2451999932527542,0.40529999136924744,0.019700000062584877,-0.34299999475479126,-0.8471999764442444,-0.5370000004768372,0.9944999814033508,0.25859999656677246,0.40529999136924744,0.019700000062584877,-0.34299999475479126,-0.8471999764442444,-0.49779999256134033,0.8799999952316284,0.2020999938249588,0.6033999919891357,0.09619999676942825,-0.334199994802475,-0.7175999879837036,-0.5299999713897705,0.9257000088691711,0.21050000190734863,0.21690000593662262,-0.04439999908208847,-0.38659998774528503,-0.8952999711036682,-0.5335999727249146,0.9427000284194946,0.2467000037431717,-0.5188000202178955,-0.3246000111103058,-0.2354000061750412,-0.7549999952316284,-0.5145999789237976,0.9264000058174133,0.2531999945640564,-0.8583999872207642,-0.3693000078201294,-0.10769999772310257,-0.3395000100135803,-0.5041000247001648,0.9139000177383423,0.23639999330043793,-0.8583999872207642,-0.3693000078201294,-0.10769999772310257,-0.3395000100135803,-0.5098000168800354,0.8705000281333923,0.20319999754428864,0.6033999919891357,0.09619999676942825,-0.334199994802475,-0.7175999879837036,-0.5386999845504761,0.909600019454956,0.21699999272823334,0.17170000076293945,-0.0828000009059906,-0.4359999895095825,-0.8794999718666077,-0.5389000177383423,0.9232000112533569,0.250900000333786,-0.515999972820282,-0.40059998631477356,-0.27070000767707825,-0.707099974155426,-0.5178999900817871,0.9104999899864197,0.25450000166893005,-0.8140000104904175,-0.48730000853538513,-0.054099999368190765,-0.31150001287460327,-0.5078999996185303,0.899399995803833,0.23720000684261322,-0.8140000104904175,-0.48730000853538513,-0.054099999368190765,-0.31150001287460327,-0.5139999985694885,0.8654000163078308,0.20800000429153442,0.5439000129699707,0.06279999762773514,-0.5586000084877014,-0.6230000257492065,-0.5432999730110168,0.8913000226020813,0.22509999573230743,0.16949999332427979,-0.15160000324249268,-0.4941999912261963,-0.8391000032424927,-0.5407999753952026,0.9038000106811523,0.250900000333786,-0.4569000005722046,-0.45500001311302185,-0.33469998836517334,-0.6870999932289124,-0.5231000185012817,0.8977000117301941,0.2540999948978424,-0.7257000207901001,-0.5913000106811523,-0.07639999687671661,-0.3433000147342682,-0.5115000009536743,0.8895000219345093,0.23919999599456787,-0.7257000207901001,-0.5913000106811523,-0.07639999687671661,-0.3433000147342682,-0.07909999787807465,1.002500057220459,0.2800999879837036,0.5618000030517578,0.34299999475479126,0.2969000041484833,-0.6917999982833862,-0.09189999848604202,1.059399962425232,0.29100000858306885,0.5618000030517578,0.34299999475479126,0.2969000041484833,-0.6917999982833862,-0.11249999701976776,1.0324000120162964,0.2827000021934509,0.5264999866485596,0.0949999988079071,-0.6092000007629395,-0.5853999853134155,-0.13439999520778656,1.0470000505447388,0.295199990272522,0.44909998774528503,0.006000000052154064,-0.5357000231742859,-0.7150999903678894,-0.14920000731945038,1.0662000179290771,0.3131999969482422,0.5267999768257141,0.11559999734163284,-0.6166999936103821,-0.5733000040054321,-0.16689999401569366,1.0765999555587769,0.321399986743927,0.5267999768257141,0.11559999734163284,-0.6166999936103821,-0.5733000040054321,-0.10170000046491623,1.0341999530792236,0.28110000491142273,0.5618000030517578,0.34299999475479126,0.2969000041484833,-0.6917999982833862,-0.1088000014424324,1.0860999822616577,0.2782999873161316,0.11739999800920486,0.3901999890804291,0.11150000244379044,-0.9064000248908997,-0.13189999759197235,1.0963000059127808,0.3009999990463257,-0.0851999968290329,0.40639999508857727,0.051500000059604645,-0.90829998254776,-0.14820000529289246,1.0937999486923218,0.31520000100135803,-0.125,0.3831999897956848,0.050200000405311584,-0.9138000011444092,-0.1623000055551529,1.0908000469207764,0.32919999957084656,-0.125,0.3831999897956848,0.050200000405311584,-0.9138000011444092,-0.09000000357627869,1.0326000452041626,0.2903999984264374,0.5618000030517578,0.34299999475479126,0.2969000041484833,-0.6917999982833862,-0.09390000253915787,1.0860999822616577,0.29159998893737793,0.12540000677108765,0.42399999499320984,0.14880000054836273,-0.8845000267028809,-0.12120000272989273,1.0994999408721924,0.3149999976158142,-0.1665000021457672,0.4503999948501587,0.018200000748038292,-0.8769999742507935,-0.14090000092983246,1.0927000045776367,0.32829999923706055,-0.3043999969959259,0.44339999556541443,0.009200000204145908,-0.8429999947547913,-0.15780000388622284,1.0821000337600708,0.3384000062942505,-0.3043999969959259,0.44339999556541443,0.009200000204145908,-0.8429999947547913,-0.07980000227689743,1.0317000150680542,0.29820001125335693,0.5618000030517578,0.34299999475479126,0.2969000041484833,-0.6917999982833862,-0.08569999784231186,1.0788999795913696,0.3066999912261963,0.12219999730587006,0.44519999623298645,0.19210000336170197,-0.8659999966621399,-0.11100000143051147,1.0922000408172607,0.32670000195503235,-0.17229999601840973,0.4941999912261963,0.07580000162124634,-0.8486999869346619,-0.1316000074148178,1.0871000289916992,0.3375000059604645,-0.34470000863075256,0.5217999815940857,-0.00860000029206276,-0.7803000211715698,-0.14959999918937683,1.076200008392334,0.3431999981403351,-0.34470000863075256,0.5217999815940857,-0.00860000029206276,-0.7803000211715698,-0.07800000160932541,1.0303000211715698,0.30570000410079956,0.41850000619888306,0.35670000314712524,0.5031999945640564,-0.666700005531311,-0.08020000159740448,1.0678000450134277,0.32179999351501465,0.07329999655485153,0.5146999955177307,0.22220000624656677,-0.8248000144958496,-0.10260000079870224,1.0773999691009521,0.3345000147819519,-0.19740000367164612,0.5347999930381775,0.12290000170469284,-0.8123999834060669,-0.1193000003695488,1.0738999843597412,0.3407999873161316,-0.3091000020503998,0.5860999822616577,0.05050000175833702,-0.7472000122070312,-0.13750000298023224,1.0670000314712524,0.34360000491142273,-0.3091000020503998,0.5860999822616577,0.05050000175833702,-0.7472000122070312
1771636680.949609,1680,588,3072.0,3072.0,3072.0,3072.0,3072.0,3072.0,3072.0,3072.0,2599.0,974.0,58.0,2353.0,2446.0,2513.0,2599.0,2650.0,3072.0,3072.0,3072.0,3072.0,3072.0,3072.0,3072.0,2757.0,2503.0,981.0,0.0,2697.0,2641.0,2571.0,2703.0,2703.0,3038.0,3072.0,3072.0,3072.0,3072.0,3072.0,2845.0,2799.0,2699.0,1515.0,0.0,2633.0,2695.0,2633.0,2703.0,2703.0,3072.0,3072.0,2021.0,3072.0,3072.0,3072.0,2937.0,3072.0,3072.0,669.0,1700.0,2706.0,2641.0,2633.0,2703.0,2703.0,3072.0,3064.0,2633.0,3072.0,3072.0,3072.0,2981.0,3072.0,2492.0,392.0,2613.0,2470.0,2492.0,2513.0,2650.0,2703.0,3069.0,3065.0,3072.0,3060.0,3072.0,3072.0,2875.0,3011.0,2903.0,47.0,2502.0,3064.0,2703.0,2706.0,2650.0,2650.0,3072.0,3072.0,3072.0,3072.0,3072.0,3072.0,3070.0,3072.0,2580.0,3069.0,3067.0,3059.0,2507.0,2486.0,2529.0,2641.0,3072.0,3067.0,2730.0,3072.0,3072.0,3072.0,3072.0,3065.0,3072.0,2656.0,2913.0,3065.0,2130.0,2211.0,2413.0,2492.0,3072.0,3045.0,2995.0,3063.0,3069.0,2980.0,3063.0,3057.0,3072.0,3072.0,3072.0,3066.0,2758.0,2633.0,2703.0,2703.0,2901.0,3003.0,2735.0,3072.0,3072.0,3072.0,3072.0,3072.0,3072.0,3072.0,3072.0,3064.0,2641.0,2560.0,2695.0,2695.0,3072.0,3072.0,3072.0,3072.0,3072.0,3072.0,3072.0,3057.0,3072.0,2976.0,2862.0,2571.0,2529.0,2560.0,2641.0,2641.0,3072.0,3072.0,3072.0,3072.0,3072.0,3072.0,3072.0,2592.0,3072.0,3072.0,3072.0,2443.0,2422.0,2500.0,2590.0,2641.0,3072.0,2961.0,3012.0,3072.0,3072.0,3072.0,3072.0,3072.0,3072.0,3072.0,3072.0,3072.0,0.0,0.0,2395.0,1286.0,3072.0,3072.0,3072.0,3072.0,3072.0,3072.0,3072.0,3072.0,3072.0,3072.0,3072.0,3072.0,2094.0,910.0,1504.0,0.0,3072.0,3072.0,3072.0,3072.0,3072.0,3072.0,3072.0,3072.0,3072.0,3072.0,3072.0,3072.0,2385.0,2410.0,2215.0,0.0,3072.0,3072.0,3072.0,3072.0,3072.0,3072.0,3072.0,3072.0,3072.0,3072.0,3072.0,3072.0,2960.0,816.0,369.0,0.0,-0.48350000381469727,0.8528000116348267,0.18639999628067017,0.6060000061988831,0.09369999915361404,-0.33250001072883606,-0.7164999842643738,-0.5134000182151794,0.902899980545044,0.20640000700950623,0.6060000061988831,0.09369999915361404,-0.33250001072883606,-0.7164999842643738,-0.4767000079154968,0.8938999772071838,0.2076999992132187,0.42750000953674316,0.22759999334812164,0.45660001039505005,-0.746399998664856,-0.47519999742507935,0.919700026512146,0.22390000522136688,0.15770000219345093,0.3702000081539154,0.2669000029563904,-0.8756999969482422,-0.49300000071525574,0.9345999956130981,0.24529999494552612,-0.1005999967455864,0.40130001306533813,0.23770000040531158,-0.8787999749183655,-0.5102999806404114,0.9361000061035156,0.26030001044273376,-0.1005999967455864,0.40130001306533813,0.23770000040531158,-0.8787999749183655,-0.48590001463890076,0.8903999924659729,0.20160000026226044,0.6060000061988831,0.09369999915361404,-0.33250001072883606,-0.7164999842643738,-0.512499988079071,0.9379000067710876,0.20919999480247498,0.474700003862381,0.026399999856948853,-0.2897999882698059,-0.8306999802589417,-0.5238000154495239,0.965399980545044,0.22859999537467957,0.3808000087738037,-0.014100000262260437,-0.31470000743865967,-0.8694000244140625,-0.5286999940872192,0.9805999994277954,0.24469999969005585,0.4097000062465668,0.01679999940097332,-0.3391000032424927,-0.8467000126838684,-0.5357999801635742,0.995199978351593,0.257999986410141,0.4097000062465668,0.01679999940097332,-0.3391000032424927,-0.8467000126838684,-0.4975000023841858,0.8799999952316284,0.20229999721050262,0.6060000061988831,0.09369999915361404,-0.33250001072883606,-0.7164999842643738,-0.5293999910354614,0.9258000254631042,0.21040000021457672,0.2199999988079071,-0.04650000110268593,-0.3831000030040741,-0.8959000110626221,-0.5328999757766724,0.9430999755859375,0.24650000035762787,-0.5145000219345093,-0.32269999384880066,-0.23260000348091125,-0.7597000002861023,-0.5141000151634216,0.926800012588501,0.2533000111579895,-0.8557000160217285,-0.36660000681877136,-0.10779999941587448,-0.3490000069141388,-0.5034000277519226,0.9139999747276306,0.23690000176429749,-0.8557000160217285,-0.36660000681877136,-0.10779999941587448,-0.3490000069141388,-0.5095999836921692,0.8705000281333923,0.20350000262260437,0.6060000061988831,0.09369999915361404,-0.33250001072883606,-0.7164999842643738,-0.5382999777793884,0.9097999930381775,0.21709999442100525,0.17260000109672546,-0.08550000190734863,-0.43309998512268066,-0.8805000185966492,-0.5382000207901001,0.9236000180244446,0.250900000333786,-0.5160999894142151,-0.400299996137619,-0.2669000029563904,-0.7087000012397766,-0.517300009727478,0.9107000231742859,0.25450000166893005,-0.814300000667572,-0.48510000109672546,-0.052000001072883606,-0.31450000405311584,-0.5073999762535095,0.8995000123977661,0.23729999363422394,-0.814300000667572,-0.48510000109672546,-0.052000001072883606,-0.31450000405311584,-0.5138000249862671,0.8654999732971191,0.20829999446868896,0.5461999773979187,0.059700001031160355,-0.5569999814033508,-0.6226999759674072,-0.542900025844574,0.891700029373169,0.22529999911785126,0.1680999994277954,-0.15539999306201935,-0.49149999022483826,-0.8403000235557556,-0.5401999950408936,0.90420001745224,0.25099998712539673,-0.45840001106262207,-0.4555000066757202,-0.33070001006126404,-0.6877999901771545,-0.5224999785423279,0.8978999853134155,0.2540999948978424,-0.7271999716758728,-0.5896999835968018,-0.07320000231266022,-0.34360000491142273,-0.5109999775886536,0.8895999789237976,0.23929999768733978,-0.7271999716758728,-0.5896999835968018,-0.07320000231266022,-0.34360000491142273,-0.07930000126361847,1.0018999576568604,0.2809999883174896,0.5619000196456909,0.3427000045776367,0.29750001430511475,-0.6916000247001648,-0.09210000187158585,1.0586999654769897,0.29190000891685486,0.5619000196456909,0.3427000045776367,0.29750001430511475,-0.6916000247001648,-0.11270000040531158,1.0318000316619873,0.28369998931884766,0.5253999829292297,0.09399999678134918,-0.6093999743461609,-0.5863999724388123,-0.13449999690055847,1.0463999509811401,0.2962000072002411,0.4478999972343445,0.004800000227987766,-0.5357000231742859,-0.7157999873161316,-0.1492999941110611,1.065600037574768,0.314300000667572,0.5260999798774719,0.11509999632835388,-0.6169000267982483,-0.5738999843597412,-0.16689999401569366,1.0759999752044678,0.32249999046325684,0.5260999798774719,0.11509999632835388,-0.6169000267982483,-0.5738999843597412,-0.10189999639987946,1.0334999561309814,0.28200000524520874,0.5619000196456909,0.3427000045776367,0.29750001430511475,-0.6916000247001648,-0.10890000313520432,1.0853999853134155,0.2791999876499176,0.11509999632835388,0.3905999958515167,0.11089999973773956,-0.9065999984741211,-0.13210000097751617,1.0954999923706055,0.3018999993801117,-0.08760000020265579,0.4065999984741211,0.05079999938607216,-0.9079999923706055,-0.14830000698566437,1.092900037765503,0.31610000133514404,-0.12690000236034393,0.3833000063896179,0.0494999997317791,-0.9135000109672546,-0.1624000072479248,1.089900016784668,0.33000001311302185,-0.12690000236034393,0.3833000063896179,0.0494999997317791,-0.9135000109672546,-0.09019999951124191,1.031999945640564,0.2912999987602234,0.5619000196456909,0.3427000045776367,0.29750001430511475,-0.6916000247001648,-0.09399999678134918,1.0853999853134155,0.29249998927116394,0.12219999730587006,0.424699991941452,0.147599995136261,-0.8848000168800354,-0.12150000035762787,1.0986000299453735,0.3158999979496002,-0.16979999840259552,0.4505999982357025,0.016899999231100082,-0.8762999773025513,-0.14110000431537628,1.091599941253662,0.32910001277923584,-0.30799999833106995,0.4431999921798706,0.007699999958276749,-0.8417999744415283,-0.15800000727176666,1.080899953842163,0.3391999900341034,-0.30799999833106995,0.4431999921798706,0.007699999958276749,-0.8417999744415283,-0.08009999990463257,1.031000018119812,0.29910001158714294,0.5619000196456909,0.3427000045776367,0.29750001430511475,-0.6916000247001648,-0.08590000122785568,1.0781999826431274,0.3075999915599823,0.1193000003695488,0.44589999318122864,0.19110000133514404,-0.8661999702453613,-0.1111999973654747,1.0914000272750854,0.32760000228881836,-0.17630000412464142,0.4945000112056732,0.07410000264644623,-0.8478999733924866,-0.13179999589920044,1.0859999656677246,0.3382999897003174,-0.35010001063346863,0.5216000080108643,-0.011099999770522118,-0.777999997138977,-0.14970000088214874,1.0749000310897827,0.34380000829696655,-0.35010001063346863,0.5216000080108643,-0.011099999770522118,-0.777999997138977,-0.07819999754428864,1.0296000242233276,0.30649998784065247,0.41850000619888306,0.3564999997615814,0.5037000179290771,-0.6662999987602234,-0.0803999975323677,1.0671000480651855,0.32269999384880066,0.07150000333786011,0.5149999856948853,0.22220000624656677,-0.8248000144958496,-0.10279999673366547,1.0765999555587769,0.3352999985218048,-0.2003999948501587,0.535099983215332,0.12189999967813492,-0.8115000128746033,-0.11949999630451202,1.073099970817566,0.3416000008583069,-0.314300000667572,0.5863999724388123,0.04800000041723251,-0.7450000047683716,-0.13760000467300415,1.065999984741211,0.3441999852657318,-0.314300000667572,0.5863999724388123,0.04800000041723251,-0.7450000047683716
1771636680.992609,1722,573,3072.0,3072.0,3072.0,3072.0,3072.0,3072.0,3072.0,3072.0,2599.0,981.0,0.0,2418.0,2503.0,2583.0,2599.0,2650.0,3072.0,3072.0,3072.0,3072.0,3072.0,3072.0,3072.0,2645.0,2446.0,979.0,0.0,2697.0,2641.0,2571.0,2703.0,2641.0,3049.0,3072.0,3072.0,3072.0,3072.0,3072.0,2870.0,2652.0,2606.0,1479.0,0.0,2633.0,2695.0,2633.0,2641.0,2641.0,3072.0,3056.0,1778.0,3072.0,3072.0,2779.0,2925.0,3072.0,3072.0,618.0,1733.0,2706.0,2641.0,2633.0,2641.0,2703.0,3072.0,3027.0,2633.0,3072.0,3072.0,3072.0,3072.0,3072.0,2492.0,112.0,2502.0,2470.0,2550.0,2513.0,2650.0,2703.0,3069.0,3053.0,3072.0,3067.0,3072.0,2966.0,2888.0,3014.0,2903.0,110.0,2575.0,3064.0,2641.0,2633.0,2650.0,2650.0,3072.0,3072.0,3072.0,3072.0,3072.0,3072.0,3070.0,3072.0,2641.0,3069.0,3067.0,3059.0,2507.0,2486.0,2590.0,2641.0,3072.0,3059.0,2798.0,3072.0,3072.0,3072.0,3072.0,3065.0,3072.0,2678.0,2900.0,3066.0,2130.0,2211.0,2358.0,2550.0,3072.0,3042.0,3033.0,3061.0,3072.0,2919.0,3060.0,3057.0,3072.0,3072.0,3072.0,3066.0,2695.0,2560.0,2641.0,2641.0,2870.0,2965.0,2676.0,3072.0,3072.0,3072.0,3072.0,3072.0,3072.0,3072.0,3072.0,3066.0,2641.0,2560.0,2695.0,2695.0,3072.0,3072.0,3072.0,3072.0,3072.0,3072.0,3072.0,3058.0,3072.0,2936.0,2847.0,2571.0,2590.0,2560.0,2703.0,2641.0,3072.0,3072.0,3072.0,3072.0,3072.0,3072.0,3072.0,2601.0,3072.0,3072.0,3072.0,2373.0,2481.0,2500.0,2650.0,2641.0,3072.0,2988.0,2877.0,3072.0,3072.0,3072.0,3072.0,3072.0,3072.0,3072.0,3072.0,3072.0,0.0,0.0,2715.0,1286.0,3072.0,3072.0,3072.0,3072.0,3072.0,3072.0,3072.0,3072.0,3072.0,3072.0,3072.0,3072.0,2166.0,1233.0,1643.0,0.0,3072.0,3072.0,3072.0,3072.0,3072.0,3072.0,3072.0,3072.0,3072.0,3072.0,3072.0,3072.0,2414.0,2416.0,2293.0,0.0,3072.0,3072.0,3072.0,3072.0,3072.0,3072.0,3072.0,3072.0,3072.0,3072.0,3072.0,3072.0,2956.0,823.0,487.0,0.0,-0.48339998722076416,0.8525999784469604,0.18690000474452972,0.6082000136375427,0.09120000153779984,-0.32989999651908875,-0.7161999940872192,-0.5130000114440918,0.902999997138977,0.20649999380111694,0.6082000136375427,0.09120000153779984,-0.32989999651908875,-0.7161999940872192,-0.4763000011444092,0.8938000202178955,0.2079000025987625,0.43149998784065247,0.22709999978542328,0.45829999446868896,-0.7430999875068665,-0.47450000047683716,0.9196000099182129,0.22390000522136688,0.16249999403953552,0.3700999915599823,0.2687000036239624,-0.8743000030517578,-0.49219998717308044,0.9348999857902527,0.2451000064611435,-0.09589999914169312,0.40209999680519104,0.2393999993801117,-0.8784999847412109,-0.5095999836921692,0.9366000294685364,0.26019999384880066,-0.09589999914169312,0.40209999680519104,0.2393999993801117,-0.8784999847412109,-0.4855000078678131,0.8902999758720398,0.20190000534057617,0.6082000136375427,0.09120000153779984,-0.32989999651908875,-0.7161999940872192,-0.5117999911308289,0.9380000233650208,0.20919999480247498,0.477400004863739,0.023099999874830246,-0.2849999964237213,-0.8309000134468079,-0.5228000283241272,0.9656999707221985,0.22840000689029694,0.383899986743927,-0.01679999940097332,-0.30970001220703125,-0.8697999715805054,-0.5274999737739563,0.9811000227928162,0.24449999630451202,0.4138999879360199,0.0142000000923872,-0.3343000113964081,-0.8465999960899353,-0.534600019454956,0.9958000183105469,0.25760000944137573,0.4138999879360199,0.0142000000923872,-0.3343000113964081,-0.8465999960899353,-0.49720001220703125,0.8798999786376953,0.20260000228881836,0.6082000136375427,0.09120000153779984,-0.32989999651908875,-0.7161999940872192,-0.5289000272750854,0.9259999990463257,0.21050000190734863,0.22269999980926514,-0.04800000041723251,-0.3790000081062317,-0.8968999981880188,-0.5321999788284302,0.9434999823570251,0.24639999866485596,-0.5109999775886536,-0.3199000060558319,-0.22990000247955322,-0.7639999985694885,-0.5134999752044678,0.9272000193595886,0.2535000145435333,-0.8536999821662903,-0.36309999227523804,-0.10819999873638153,-0.3571999967098236,-0.5027999877929688,0.9140999913215637,0.23739999532699585,-0.8536999821662903,-0.36309999227523804,-0.10819999873638153,-0.3571999967098236,-0.5094000101089478,0.8705999851226807,0.20389999449253082,0.6082000136375427,0.09120000153779984,-0.32989999651908875,-0.7161999940872192,-0.5378000140190125,0.910099983215332,0.21719999611377716,0.1737000048160553,-0.08699999749660492,-0.4296000003814697,-0.8819000124931335,-0.5375999808311462,0.9240000247955322,0.250900000333786,-0.5162000060081482,-0.39879998564720154,-0.2635999917984009,-0.7106999754905701,-0.5167999863624573,0.9110000133514404,0.25459998846054077,-0.8148000240325928,-0.4821999967098236,-0.05090000107884407,-0.3179999887943268,-0.5069000124931335,0.8996000289916992,0.23749999701976776,-0.8148000240325928,-0.4821999967098236,-0.05090000107884407,-0.3179999887943268,-0.5135999917984009,0.8654999732971191,0.2087000012397766,0.54830002784729,0.0568000003695488,-0.5546000003814697,-0.6233000159263611,-0.5425999760627747,0.8920000195503235,0.22540000081062317,0.16750000417232513,-0.15760000050067902,-0.48840001225471497,-0.8417999744415283,-0.5396999716758728,0.9046000242233276,0.25110000371932983,-0.459199994802475,-0.4546000063419342,-0.32760000228881836,-0.689300000667572,-0.5220999717712402,0.8981999754905701,0.25429999828338623,-0.7283999919891357,-0.5873000025749207,-0.07169999927282333,-0.34549999237060547,-0.5105999708175659,0.8896999955177307,0.2395000010728836,-0.7283999919891357,-0.5873000025749207,-0.07169999927282333,-0.34549999237060547,-0.0794999971985817,1.0011999607086182,0.2818000018596649,0.5616999864578247,0.34290000796318054,0.2985999882221222,-0.6912000179290771,-0.09229999780654907,1.0579999685287476,0.29280000925064087,0.5616999864578247,0.34290000796318054,0.2985999882221222,-0.6912000179290771,-0.11289999634027481,1.0312000513076782,0.28450000286102295,0.5252000093460083,0.09399999678134918,-0.6087999939918518,-0.5871000289916992,-0.1347000002861023,1.045799970626831,0.296999990940094,0.4474000036716461,0.004800000227987766,-0.5351999998092651,-0.7164999842643738,-0.1492999941110611,1.065000057220459,0.3151000142097473,0.526199996471405,0.11550000309944153,-0.6162999868392944,-0.5742999911308289,-0.16689999401569366,1.0752999782562256,0.32339999079704285,0.526199996471405,0.11550000309944153,-0.6162999868392944,-0.5742999911308289,-0.10209999978542328,1.0328999757766724,0.28279998898506165,0.5616999864578247,0.34290000796318054,0.2985999882221222,-0.6912000179290771,-0.10899999737739563,1.0848000049591064,0.2800000011920929,0.11299999803304672,0.39169999957084656,0.11060000211000443,-0.9064000248908997,-0.13220000267028809,1.0946999788284302,0.302700012922287,-0.08919999748468399,0.4074999988079071,0.05050000175833702,-0.9074000120162964,-0.148499995470047,1.0920000076293945,0.31679999828338623,-0.12790000438690186,0.38420000672340393,0.049400001764297485,-0.9129999876022339,-0.16259999573230743,1.0888999700546265,0.33070001006126404,-0.12790000438690186,0.38420000672340393,0.049400001764297485,-0.9129999876022339,-0.09040000289678574,1.0312999486923218,0.2921999990940094,0.5616999864578247,0.34290000796318054,0.2985999882221222,-0.6912000179290771,-0.0940999984741211,1.0846999883651733,0.29330000281333923,0.1193000003695488,0.4259999990463257,0.1468999981880188,-0.8847000002861023,-0.1216999962925911,1.097599983215332,0.3167000114917755,-0.1720999926328659,0.45159998536109924,0.01600000075995922,-0.8752999901771545,-0.1412999927997589,1.0906000137329102,0.329800009727478,-0.31040000915527344,0.4438999891281128,0.006599999964237213,-0.8406000137329102,-0.15809999406337738,1.079800009727478,0.33980000019073486,-0.31040000915527344,0.4438999891281128,0.006599999964237213,-0.8406000137329102,-0.08030000329017639,1.0303000211715698,0.29989999532699585,0.5616999864578247,0.34290000796318054,0.2985999882221222,-0.6912000179290771,-0.0860000029206276,1.0774999856948853,0.3084000051021576,0.11699999868869781,0.4472000002861023,0.19059999287128448,-0.8659999966621399,-0.11150000244379044,1.090499997138977,0.32839998602867126,-0.1785999983549118,0.49549999833106995,0.07320000231266022,-0.8468999862670898,-0.13199999928474426,1.0850000381469727,0.33899998664855957,-0.353300005197525,0.5221999883651733,-0.012799999676644802,-0.7760999798774719,-0.14990000426769257,1.073799967765808,0.34439998865127563,-0.353300005197525,0.5221999883651733,-0.012799999676644802,-0.7760999798774719,-0.07840000092983246,1.0289000272750854,0.3073999881744385,0.41819998621940613,0.35670000314712524,0.5047000050544739,-0.6657000184059143,-0.08060000091791153,1.0664000511169434,0.32350000739097595,0.07050000131130219,0.5159000158309937,0.22269999980926514,-0.8241999745368958,-0.1031000018119812,1.0758999586105347,0.3361000120639801,-0.20190000534057617,0.5360999703407288,0.1216999962925911,-0.8105999827384949,-0.11969999969005585,1.0722999572753906,0.3422999978065491,-0.3165999948978424,0.5873000025749207,0.04699999839067459,-0.743399977684021,-0.13779999315738678,1.0650999546051025,0.3449000120162964,-0.3165999948978424,0.5873000025749207,0.04699999839067459,-0.743399977684021
1771636681.035249,1764,597,3072.0,3072.0,3072.0,3072.0,3072.0,3072.0,3072.0,3072.0,2599.0,944.0,243.0,2418.0,2503.0,2513.0,2599.0,2590.0,3072.0,3072.0,3072.0,3072.0,3072.0,3072.0,3072.0,3072.0,2446.0,895.0,0.0,2697.0,2641.0,2571.0,2703.0,2703.0,3049.0,3072.0,3072.0,3072.0,3072.0,3072.0,3072.0,3072.0,2699.0,1501.0,0.0,2706.0,2695.0,2633.0,2703.0,2703.0,3072.0,3072.0,1940.0,3072.0,3072.0,3072.0,3072.0,3072.0,3072.0,797.0,1787.0,2706.0,2641.0,2633.0,2703.0,2703.0,3072.0,3072.0,2194.0,3072.0,3072.0,3072.0,3072.0,3072.0,2492.0,741.0,2554.0,2470.0,2492.0,2513.0,2650.0,2703.0,3072.0,3065.0,3072.0,3062.0,3072.0,3072.0,2928.0,3044.0,2903.0,876.0,2724.0,3066.0,2641.0,2633.0,2650.0,2650.0,3072.0,3072.0,3072.0,3072.0,3072.0,3072.0,3070.0,3072.0,2641.0,3069.0,3067.0,3059.0,2507.0,2486.0,2529.0,2641.0,3072.0,3072.0,3072.0,3072.0,3072.0,3072.0,3072.0,3068.0,2997.0,2785.0,2989.0,3066.0,2130.0,2211.0,2358.0,2492.0,3072.0,3068.0,3072.0,3069.0,3069.0,3011.0,3065.0,3067.0,3072.0,3072.0,3072.0,3066.0,2695.0,2706.0,2641.0,2641.0,2835.0,2965.0,2786.0,3072.0,3072.0,3072.0,3072.0,3072.0,3072.0,3072.0,3072.0,3066.0,2580.0,2560.0,2695.0,2695.0,3072.0,3072.0,3072.0,3072.0,3072.0,3072.0,3072.0,3069.0,3072.0,2925.0,2848.0,2643.0,2590.0,2633.0,2703.0,2641.0,3072.0,3072.0,3072.0,3072.0,3072.0,3072.0,3072.0,2676.0,3072.0,3072.0,3072.0,2373.0,2363.0,2429.0,2590.0,2641.0,3072.0,3022.0,2834.0,3072.0,3072.0,3072.0,3072.0,3072.0,3072.0,3072.0,3072.0,3072.0,341.0,0.0,2847.0,1655.0,3072.0,3072.0,3072.0,3072.0,3072.0,3072.0,3072.0,3072.0,3072.0,3072.0,3072.0,3072.0,2425.0,1230.0,1768.0,0.0,3072.0,3072.0,3072.0,3072.0,3072.0,3072.0,3072.0,3072.0,3072.0,3072.0,3072.0,3072.0,2699.0,2396.0,2343.0,0.0,3072.0,3072.0,3072.0,3072.0,3072.0,3072.0,3072.0,3072.0,3072.0,3072.0,3072.0,3072.0,3043.0,731.0,234.0,0.0,-0.48330000042915344,0.8522999882698059,0.1875,0.6096000075340271,0.08839999884366989,-0.32679998874664307,-0.7167999744415283,-0.512499988079071,0.902899980545044,0.2070000022649765,0.6096000075340271,0.08839999884366989,-0.32679998874664307,-0.7167999744415283,-0.4758000075817108,0.8934000134468079,0.20839999616146088,0.43470001220703125,0.2257000058889389,0.46070000529289246,-0.7401000261306763,-0.47380000352859497,0.9193000197410583,0.22419999539852142,0.16609999537467957,0.3693999946117401,0.27149999141693115,-0.8730999827384949,-0.49129998683929443,0.9348000288009644,0.24539999663829803,-0.09220000356435776,0.4025000035762787,0.24230000376701355,-0.878000020980835,-0.5085999965667725,0.9366999864578247,0.2605000138282776,-0.09220000356435776,0.4025000035762787,0.24230000376701355,-0.878000020980835,-0.48510000109672546,0.8899999856948853,0.20229999721050262,0.6096000075340271,0.08839999884366989,-0.32679998874664307,-0.7167999744415283,-0.5109000205993652,0.9379000067710876,0.2094999998807907,0.47929999232292175,0.019200000911951065,-0.27950000762939453,-0.8317000269889832,-0.5216000080108643,0.9657999873161316,0.22869999706745148,0.38609999418258667,-0.019899999722838402,-0.30379998683929443,-0.8708000183105469,-0.5260999798774719,0.9812999963760376,0.24459999799728394,0.41749998927116394,0.011300000362098217,-0.3287000060081482,-0.847100019454956,-0.5329999923706055,0.9962000250816345,0.25760000944137573,0.41749998927116394,0.011300000362098217,-0.3287000060081482,-0.847100019454956,-0.4968000054359436,0.8797000050544739,0.20309999585151672,0.6096000075340271,0.08839999884366989,-0.32679998874664307,-0.7167999744415283,-0.5281000137329102,0.9261000156402588,0.21080000698566437,0.22450000047683716,-0.04919999837875366,-0.37450000643730164,-0.8982999920845032,-0.5313000082969666,0.9437000155448914,0.2467000037431717,-0.5091000199317932,-0.31690001487731934,-0.22660000622272491,-0.7674999833106995,-0.5127999782562256,0.927299976348877,0.2540000081062317,-0.8529999852180481,-0.35910001397132874,-0.10779999941587448,-0.36309999227523804,-0.5020999908447266,0.9139999747276306,0.23810000717639923,-0.8529999852180481,-0.35910001397132874,-0.10779999941587448,-0.36309999227523804,-0.5091000199317932,0.8705000281333923,0.20440000295639038,0.6096000075340271,0.08839999884366989,-0.32679998874664307,-0.7167999744415283,-0.5371999740600586,0.9103000164031982,0.2176000028848648,0.1745000034570694,-0.08810000121593475,-0.42570000886917114,-0.8834999799728394,-0.536899983882904,0.9243000149726868,0.25130000710487366,-0.5166000127792358,-0.39660000801086426,-0.2603999972343445,-0.7128000259399414,-0.5162000060081482,0.9110999703407288,0.2551000118255615,-0.815500020980835,-0.47870001196861267,-0.0502999983727932,-0.32120001316070557,-0.5062999725341797,0.8996000289916992,0.23800000548362732,-0.815500020980835,-0.47870001196861267,-0.0502999983727932,-0.32120001316070557,-0.5134000182151794,0.8654999732971191,0.20919999480247498,0.5493999719619751,0.05400000140070915,-0.5519000291824341,-0.625,-0.5421000123023987,0.892300009727478,0.22589999437332153,0.1673000007867813,-0.15860000252723694,-0.4851999878883362,-0.843500018119812,-0.5390999913215637,0.9047999978065491,0.2515999972820282,-0.45980000495910645,-0.4528000056743622,-0.32510000467300415,-0.6912999749183655,-0.5216000080108643,0.8982999920845032,0.2547000050544739,-0.7293999791145325,-0.5845999717712402,-0.0714000016450882,-0.3481000065803528,-0.5101000070571899,0.8898000121116638,0.23999999463558197,-0.7293999791145325,-0.5845999717712402,-0.0714000016450882,-0.3481000065803528,-0.07989999651908875,1.0008000135421753,0.2824000120162964,0.5612000226974487,0.3434000015258789,0.29980000853538513,-0.6909000277519226,-0.0925000011920929,1.0575000047683716,0.29330000281333923,0.5612000226974487,0.3434000015258789,0.29980000853538513,-0.6909000277519226,-0.11309999972581863,1.0306999683380127,0.2849999964237213,0.5250999927520752,0.09480000287294388,-0.608299970626831,-0.5874999761581421,-0.13490000367164612,1.045300006866455,0.29750001430511475,0.44690001010894775,0.005400000140070915,-0.5347999930381775,-0.7171000242233276,-0.14959999918937683,1.0644999742507935,0.3156000077724457,0.5266000032424927,0.11670000106096268,-0.6158000230789185,-0.574400007724762,-0.1671999990940094,1.0748000144958496,0.3237999975681305,0.5266000032424927,0.11670000106096268,-0.6158000230789185,-0.574400007724762,-0.10239999741315842,1.0325000286102295,0.2833999991416931,0.5612000226974487,0.3434000015258789,0.29980000853538513,-0.6909000277519226,-0.10920000076293945,1.0843000411987305,0.28060001134872437,0.11029999703168869,0.39309999346733093,0.10999999940395355,-0.9061999917030334,-0.13249999284744263,1.093999981880188,0.30320000648498535,-0.09000000357627869,0.40849998593330383,0.05040000006556511,-0.9068999886512756,-0.14880000054836273,1.0913000106811523,0.3172999918460846,-0.12770000100135803,0.38519999384880066,0.04969999939203262,-0.9125999808311462,-0.16290000081062317,1.0882999897003174,0.3310999870300293,-0.12770000100135803,0.38519999384880066,0.04969999939203262,-0.9125999808311462,-0.09070000052452087,1.030900001525879,0.29269999265670776,0.5612000226974487,0.3434000015258789,0.29980000853538513,-0.6909000277519226,-0.09440000355243683,1.0842000246047974,0.2939000129699707,0.11670000106096268,0.42750000953674316,0.14630000293254852,-0.8845000267028809,-0.12210000306367874,1.0968999862670898,0.3172000050544739,-0.17319999635219574,0.4526999890804291,0.015599999576807022,-0.8744999766349792,-0.14169999957084656,1.0898000001907349,0.3301999866962433,-0.31150001287460327,0.4449000060558319,0.006000000052154064,-0.8396999835968018,-0.15850000083446503,1.0789999961853027,0.3400999903678894,-0.31150001287460327,0.4449000060558319,0.006000000052154064,-0.8396999835968018,-0.08060000091791153,1.0298999547958374,0.3005000054836273,0.5612000226974487,0.3434000015258789,0.29980000853538513,-0.6909000277519226,-0.08640000224113464,1.0770000219345093,0.3089999854564667,0.1151999980211258,0.44859999418258667,0.19040000438690186,-0.8655999898910522,-0.11190000176429749,1.089900016784668,0.328900009393692,-0.17970000207424164,0.4966000020503998,0.07280000299215317,-0.8460999727249146,-0.1324000060558319,1.0844000577926636,0.3393999934196472,-0.35420000553131104,0.5231999754905701,-0.013399999588727951,-0.7749999761581421,-0.15029999613761902,1.073099970817566,0.34470000863075256,-0.35420000553131104,0.5231999754905701,-0.013399999588727951,-0.7749999761581421,-0.07880000025033951,1.028499960899353,0.30790001153945923,0.41749998927116394,0.3571000099182129,0.5056999921798706,-0.6651999950408936,-0.08100000023841858,1.0657999515533447,0.32409998774528503,0.07020000368356705,0.5169000029563904,0.22310000658035278,-0.8234999775886536,-0.10339999943971634,1.0752999782562256,0.33660000562667847,-0.20170000195503235,0.5371999740600586,0.12200000137090683,-0.8098000288009644,-0.1200999990105629,1.0717999935150146,0.34279999136924744,-0.3160000145435333,0.5884000062942505,0.04740000143647194,-0.7427999973297119,-0.13819999992847443,1.0645999908447266,0.34529998898506165,-0.3160000145435333,0.5884000062942505,0.04740000143647194,-0.7427999973297119
1771636681.075996,1805,752,3072.0,3072.0,3072.0,3072.0,3072.0,3072.0,3072.0,3072.0,2599.0,1041.0,559.0,2418.0,2446.0,2513.0,2540.0,2590.0,3072.0,3072.0,3072.0,3072.0,3072.0,3072.0,3072.0,3072.0,2446.0,996.0,392.0,2697.0,2641.0,2571.0,2641.0,2641.0,3049.0,3072.0,3072.0,3072.0,3072.0,3072.0,3072.0,3072.0,2653.0,1526.0,0.0,2633.0,2695.0,2633.0,2641.0,2641.0,3072.0,3072.0,2182.0,3072.0,3072.0,2779.0,3072.0,3072.0,3059.0,1329.0,2102.0,2633.0,2641.0,2633.0,2641.0,2641.0,3072.0,3072.0,2304.0,3072.0,3072.0,2653.0,3072.0,3072.0,2434.0,1116.0,2928.0,2404.0,2492.0,2513.0,2590.0,2641.0,3069.0,3065.0,3072.0,3044.0,3072.0,2966.0,3013.0,3069.0,2903.0,1244.0,2883.0,3064.0,2641.0,2633.0,2590.0,2590.0,3072.0,3072.0,3072.0,3072.0,3072.0,3072.0,3069.0,3072.0,2580.0,3070.0,3067.0,3061.0,2570.0,2486.0,2590.0,2641.0,3072.0,3072.0,3072.0,3072.0,3072.0,3072.0,3072.0,3072.0,2997.0,2755.0,2952.0,3065.0,2130.0,2211.0,2358.0,2492.0,3072.0,3072.0,3072.0,3066.0,3072.0,2828.0,3058.0,3063.0,3072.0,3072.0,3072.0,3066.0,2695.0,2706.0,2641.0,2641.0,2835.0,2965.0,2786.0,3072.0,3072.0,3072.0,3072.0,3072.0,3072.0,3072.0,3072.0,3066.0,2641.0,2633.0,2695.0,2758.0,3072.0,3072.0,3072.0,3072.0,3072.0,3072.0,3072.0,3072.0,3072.0,3072.0,2924.0,2571.0,2529.0,2706.0,2641.0,2641.0,3072.0,3072.0,3072.0,3072.0,3072.0,3072.0,3072.0,2550.0,3072.0,3072.0,3072.0,2373.0,2304.0,2500.0,2590.0,2641.0,3072.0,3060.0,3001.0,3072.0,3072.0,3072.0,3072.0,3072.0,3072.0,3072.0,3072.0,3072.0,498.0,0.0,3072.0,2227.0,3072.0,3072.0,3072.0,3072.0,3072.0,3072.0,3072.0,3072.0,3072.0,3072.0,3072.0,3072.0,2485.0,1276.0,1986.0,424.0,3072.0,3072.0,3072.0,3072.0,3072.0,3072.0,3072.0,3072.0,3072.0,3072.0,3072.0,3072.0,2695.0,2431.0,2511.0,0.0,3072.0,3072.0,3072.0,3072.0,3072.0,3072.0,3072.0,3072.0,3072.0,3072.0,3072.0,3072.0,3003.0,762.0,349.0,0.0,-0.4832000136375427,0.8517000079154968,0.18860000371932983,0.6100000143051147,0.0843999981880188,-0.3240000009536743,-0.7181000113487244,-0.5117999911308289,0.9025999903678894,0.20810000598430634,0.6100000143051147,0.0843999981880188,-0.3240000009536743,-0.7181000113487244,-0.47519999742507935,0.8927000164985657,0.2093999981880188,0.43799999356269836,0.22280000150203705,0.46320000290870667,-0.737500011920929,-0.47290000319480896,0.9186000227928162,0.22509999573230743,0.1688999980688095,0.3675999939441681,0.2745000123977661,-0.8723000288009644,-0.490200012922287,0.9343000054359436,0.24629999697208405,-0.08980000019073486,0.4018999934196472,0.24549999833106995,-0.8776000142097473,-0.5073999762535095,0.9363999962806702,0.2614000141620636,-0.08980000019073486,0.4018999934196472,0.24549999833106995,-0.8776000142097473,-0.4846000075340271,0.8894000053405762,0.20340000092983246,0.6100000143051147,0.0843999981880188,-0.3240000009536743,-0.7181000113487244,-0.5098999738693237,0.9375,0.21060000360012054,0.48010000586509705,0.014100000262260437,-0.2743000090122223,-0.8331000208854675,-0.5200999975204468,0.9656000137329102,0.2296999990940094,0.3871000111103058,-0.024299999698996544,-0.29820001125335693,-0.8720999956130981,-0.524399995803833,0.9812999963760376,0.24560000002384186,0.4198000133037567,0.0071000000461936,-0.32330000400543213,-0.8479999899864197,-0.5310999751091003,0.9962999820709229,0.25850000977516174,0.4198000133037567,0.0071000000461936,-0.32330000400543213,-0.8479999899864197,-0.49639999866485596,0.8791999816894531,0.20419999957084656,0.6100000143051147,0.0843999981880188,-0.3240000009536743,-0.7181000113487244,-0.5271999835968018,0.9258999824523926,0.21199999749660492,0.22529999911785126,-0.051500000059604645,-0.3698999881744385,-0.8999000191688538,-0.5302000045776367,0.9437000155448914,0.24779999256134033,-0.5091999769210815,-0.3149000108242035,-0.22200000286102295,-0.7695000171661377,-0.511900007724762,0.9271000027656555,0.2551000118255615,-0.853600025177002,-0.35499998927116394,-0.1054999977350235,-0.36629998683929443,-0.5012999773025513,0.9136000275611877,0.23929999768733978,-0.853600025177002,-0.35499998927116394,-0.1054999977350235,-0.36629998683929443,-0.5088000297546387,0.8701000213623047,0.20559999346733093,0.6100000143051147,0.0843999981880188,-0.3240000009536743,-0.7181000113487244,-0.5364000201225281,0.9101999998092651,0.21879999339580536,0.17489999532699585,-0.08980000019073486,-0.42160001397132874,-0.885200023651123,-0.5360000133514404,0.9241999983787537,0.2524000108242035,-0.5174999833106995,-0.39489999413490295,-0.2565000057220459,-0.7145000100135803,-0.5153999924659729,0.9108999967575073,0.25619998574256897,-0.8167999982833862,-0.47530001401901245,-0.04859999939799309,-0.32350000739097595,-0.5055999755859375,0.8992000222206116,0.23929999768733978,-0.8167999982833862,-0.47530001401901245,-0.04859999939799309,-0.32350000739097595,-0.5131000280380249,0.8651999831199646,0.21040000021457672,0.5493999719619751,0.050200000405311584,-0.5494999885559082,-0.6273999810218811,-0.5414999723434448,0.8921999931335449,0.22709999978542328,0.1664000004529953,-0.16019999980926514,-0.48190000653266907,-0.8452000021934509,-0.5383999943733215,0.9047999978065491,0.25279998779296875,-0.46140000224113464,-0.45159998536109924,-0.32199999690055847,-0.6923999786376953,-0.520799994468689,0.8981999754905701,0.25589999556541443,-0.7310000061988831,-0.5820000171661377,-0.07010000199079514,-0.34929999709129333,-0.5094000101089478,0.8895000219345093,0.24120000004768372,-0.7310000061988831,-0.5820000171661377,-0.07010000199079514,-0.34929999709129333,-0.07970000058412552,1.000599980354309,0.28279998898506165,0.5608000159263611,0.34360000491142273,0.3001999855041504,-0.6909000277519226,-0.09239999949932098,1.0572999715805054,0.2937999963760376,0.5608000159263611,0.34360000491142273,0.3001999855041504,-0.6909000277519226,-0.11299999803304672,1.030500054359436,0.28540000319480896,0.524399995803833,0.0957999974489212,-0.6086999773979187,-0.5875999927520752,-0.1348000019788742,1.0449999570846558,0.29789999127388,0.4456000030040741,0.005799999926239252,-0.5353999733924866,-0.7174000144004822,-0.149399995803833,1.0641000270843506,0.31610000133514404,0.5264000296592712,0.11829999834299088,-0.616100013256073,-0.5738999843597412,-0.16699999570846558,1.0743000507354736,0.32429999113082886,0.5264000296592712,0.11829999834299088,-0.616100013256073,-0.5738999843597412,-0.10220000147819519,1.0321999788284302,0.28380000591278076,0.5608000159263611,0.34360000491142273,0.3001999855041504,-0.6909000277519226,-0.10909999907016754,1.0839999914169312,0.2809999883174896,0.10819999873638153,0.3937999904155731,0.10899999737739563,-0.9063000082969666,-0.1324000060558319,1.093500018119812,0.303600013256073,-0.0877000018954277,0.40880000591278076,0.05130000039935112,-0.9070000052452087,-0.14869999885559082,1.090999960899353,0.31769999861717224,-0.12370000034570694,0.3853999972343445,0.05139999836683273,-0.9129999876022339,-0.16279999911785126,1.0880999565124512,0.33149999380111694,-0.12370000034570694,0.3853999972343445,0.05139999836683273,-0.9129999876022339,-0.09059999883174896,1.0305999517440796,0.29319998621940613,0.5608000159263611,0.34360000491142273,0.3001999855041504,-0.6909000277519226,-0.094200000166893,1.083899974822998,0.29440000653266907,0.1152999997138977,0.42809998989105225,0.14579999446868896,-0.8844000101089478,-0.12189999967813492,1.096500039100647,0.3176000118255615,-0.1720999926328659,0.4530999958515167,0.016200000420212746,-0.8744999766349792,-0.14159999787807465,1.0894999504089355,0.33059999346733093,-0.3100999891757965,0.445499986410141,0.0066999997943639755,-0.8398000001907349,-0.15839999914169312,1.0786999464035034,0.34049999713897705,-0.3100999891757965,0.445499986410141,0.0066999997943639755,-0.8398000001907349,-0.08049999922513962,1.0296000242233276,0.30090001225471497,0.5608000159263611,0.34360000491142273,0.3001999855041504,-0.6909000277519226,-0.08619999885559082,1.0765999555587769,0.3093999922275543,0.11460000276565552,0.44909998774528503,0.19020000100135803,-0.8654000163078308,-0.11180000007152557,1.0894999504089355,0.3292999863624573,-0.1793999969959259,0.4970000088214874,0.07289999723434448,-0.8458999991416931,-0.13230000436306,1.0839999914169312,0.33980000019073486,-0.35370001196861267,0.5235999822616577,-0.013199999928474426,-0.7749000191688538,-0.1501999944448471,1.0728000402450562,0.3450999855995178,-0.35370001196861267,0.5235999822616577,-0.013199999928474426,-0.7749000191688538,-0.0786999985575676,1.0282000303268433,0.3082999885082245,0.4169999957084656,0.3571999967098236,0.5059999823570251,-0.6651999950408936,-0.08089999854564667,1.065500020980835,0.3244999945163727,0.06989999860525131,0.5174000263214111,0.22310000658035278,-0.823199987411499,-0.10329999774694443,1.0750000476837158,0.3370000123977661,-0.20180000364780426,0.5375999808311462,0.12200000137090683,-0.8095999956130981,-0.11999999731779099,1.0714000463485718,0.3431999981403351,-0.3156999945640564,0.588699996471405,0.04740000143647194,-0.7426000237464905,-0.13809999823570251,1.0642999410629272,0.3456000089645386,-0.3156999945640564,0.588699996471405,0.04740000143647194,-0.7426000237464905
1771636681.116248,1847,1472,3072.0,3072.0,3072.0,3072.0,3072.0,3072.0,3072.0,3072.0,2599.0,1786.0,1370.0,2418.0,2446.0,2513.0,2599.0,2650.0,3072.0,3072.0,3072.0,3072.0,3072.0,3072.0,3072.0,3072.0,2446.0,1724.0,1016.0,2772.0,2641.0,2571.0,2703.0,2703.0,3038.0,3072.0,3072.0,3072.0,3072.0,3072.0,3072.0,3072.0,2653.0,2109.0,827.0,2706.0,2695.0,2633.0,2641.0,2641.0,3072.0,3072.0,1859.0,3072.0,3072.0,2779.0,3072.0,3072.0,3072.0,2054.0,2440.0,2706.0,2641.0,2633.0,2641.0,2641.0,3072.0,3072.0,1645.0,3072.0,3072.0,2932.0,3072.0,3072.0,2492.0,2425.0,2965.0,2537.0,2434.0,2513.0,2590.0,2641.0,3067.0,3072.0,3072.0,3027.0,3063.0,2542.0,2901.0,3045.0,2887.0,2640.0,3047.0,3063.0,2641.0,2633.0,2650.0,2590.0,3072.0,3072.0,3072.0,3072.0,3072.0,3072.0,3069.0,3072.0,2580.0,3070.0,3068.0,3061.0,2570.0,2633.0,2590.0,2641.0,3072.0,3072.0,3072.0,3072.0,3072.0,3072.0,3068.0,3072.0,3072.0,2983.0,2955.0,3067.0,2130.0,2211.0,2358.0,2492.0,3072.0,3039.0,3072.0,3063.0,3069.0,3072.0,3052.0,3067.0,3072.0,3072.0,3072.0,3066.0,2695.0,2779.0,2641.0,2703.0,2806.0,2977.0,2777.0,3072.0,3072.0,3072.0,3072.0,3072.0,3072.0,3072.0,3072.0,3064.0,2580.0,2706.0,2695.0,2695.0,3072.0,3072.0,3072.0,3072.0,3072.0,3072.0,3072.0,3072.0,3072.0,3072.0,2978.0,2571.0,2529.0,2633.0,2641.0,2641.0,3072.0,3072.0,3072.0,3072.0,3072.0,3072.0,3072.0,2779.0,3072.0,3072.0,3072.0,2373.0,2363.0,2500.0,2590.0,2641.0,3072.0,2884.0,2840.0,3052.0,3072.0,3072.0,3072.0,3072.0,3072.0,3072.0,3072.0,3072.0,1751.0,1067.0,3072.0,2691.0,3072.0,3072.0,3072.0,3072.0,3072.0,3072.0,3072.0,3072.0,3072.0,3072.0,3072.0,3072.0,2952.0,1654.0,2318.0,1871.0,3072.0,3072.0,3072.0,3072.0,3072.0,3072.0,3072.0,3072.0,3072.0,3072.0,3072.0,3072.0,2980.0,2900.0,2679.0,954.0,3072.0,3072.0,3072.0,3072.0,3072.0,3072.0,3072.0,3072.0,3072.0,3072.0,3072.0,3072.0,3045.0,1251.0,693.0,0.0,-0.4828000068664551,0.8507999777793884,0.19030000269412994,0.6101999878883362,0.07919999957084656,-0.3208000063896179,-0.7200000286102295,-0.5108000040054321,0.9020000100135803,0.20980000495910645,0.6101999878883362,0.07919999957084656,-0.3208000063896179,-0.7200000286102295,-0.47429999709129333,0.8917999863624573,0.21089999377727509,0.4415000081062317,0.21940000355243683,0.4661000072956085,-0.7346000075340271,-0.4715999960899353,0.9176999926567078,0.226500004529953,0.17299999296665192,0.3650999963283539,0.2784999907016754,-0.8712999820709229,-0.4887000024318695,0.9336000084877014,0.24779999256134033,-0.08609999716281891,0.4009999930858612,0.24969999492168427,-0.8772000074386597,-0.5058000087738037,0.9358999729156494,0.2628999948501587,-0.08609999716281891,0.4009999930858612,0.24969999492168427,-0.8772000074386597,-0.4837000072002411,0.8884999752044678,0.20499999821186066,0.6101999878883362,0.07919999957084656,-0.3208000063896179,-0.7200000286102295,-0.5084999799728394,0.9369999766349792,0.21230000257492065,0.4805000126361847,0.00860000029206276,-0.26910001039505005,-0.8346999883651733,-0.5181999802589417,0.9652000069618225,0.2312999963760376,0.387800008058548,-0.028999999165534973,-0.2924000024795532,-0.8737000226974487,-0.5221999883651733,0.9810000061988831,0.24719999730587006,0.42160001397132874,0.0024999999441206455,-0.31790000200271606,-0.8492000102996826,-0.5285999774932861,0.9962000250816345,0.25999999046325684,0.42160001397132874,0.0024999999441206455,-0.31790000200271606,-0.8492000102996826,-0.49559998512268066,0.8784999847412109,0.20589999854564667,0.6101999878883362,0.07919999957084656,-0.3208000063896179,-0.7200000286102295,-0.5259000062942505,0.9254999756813049,0.21369999647140503,0.22519999742507935,-0.05460000038146973,-0.3646000027656555,-0.9018999934196472,-0.5285000205039978,0.9434000253677368,0.24950000643730164,-0.5105000138282776,-0.31299999356269836,-0.21639999747276306,-0.7710999846458435,-0.5103999972343445,0.9265999794006348,0.25679999589920044,-0.8551999926567078,-0.35040000081062317,-0.10199999809265137,-0.36800000071525574,-0.5,0.9128999710083008,0.2409999966621399,-0.8551999926567078,-0.35040000081062317,-0.10199999809265137,-0.36800000071525574,-0.5081999897956848,0.8695999979972839,0.20730000734329224,0.6101999878883362,0.07919999957084656,-0.3208000063896179,-0.7200000286102295,-0.5351999998092651,0.9100000262260437,0.22059999406337738,0.17430000007152557,-0.09239999949932098,-0.41670000553131104,-0.8873999714851379,-0.534600019454956,0.9240000247955322,0.2542000114917755,-0.5195000171661377,-0.3930000066757202,-0.2513999938964844,-0.7157999873161316,-0.5141000151634216,0.9104999899864197,0.2578999996185303,-0.8188999891281128,-0.47099998593330383,-0.04580000042915344,-0.3246999979019165,-0.5044999718666077,0.8986999988555908,0.2409999966621399,-0.8188999891281128,-0.47099998593330383,-0.04580000042915344,-0.3246999979019165,-0.512499988079071,0.8647000193595886,0.21209999918937683,0.5489000082015991,0.045499999076128006,-0.5467000007629395,-0.6306999921798706,-0.5404999852180481,0.8920999765396118,0.2289000004529953,0.164900004863739,-0.1624000072479248,-0.47780001163482666,-0.8474000096321106,-0.5371999740600586,0.9046000242233276,0.25450000166893005,-0.4641000032424927,-0.45019999146461487,-0.31769999861717224,-0.6934999823570251,-0.5196999907493591,0.8978000283241272,0.25760000944137573,-0.7336000204086304,-0.5787000060081482,-0.06780000030994415,-0.3497999906539917,-0.508400022983551,0.8889999985694885,0.24300000071525574,-0.7336000204086304,-0.5787000060081482,-0.06780000030994415,-0.3497999906539917,-0.07919999957084656,1.000599980354309,0.2833999991416931,0.5604000091552734,0.34360000491142273,0.30000001192092896,-0.6912999749183655,-0.09189999848604202,1.0571999549865723,0.29429998993873596,0.5604000091552734,0.34360000491142273,0.30000001192092896,-0.6912999749183655,-0.11240000277757645,1.030500054359436,0.28600001335144043,0.5234000086784363,0.09709999710321426,-0.6097000241279602,-0.5873000025749207,-0.13420000672340393,1.044800043106079,0.2985000014305115,0.44429999589920044,0.0066999997943639755,-0.5367000102996826,-0.7172999978065491,-0.14890000224113464,1.0637999773025513,0.31679999828338623,0.5259000062942505,0.12030000239610672,-0.6169999837875366,-0.5730000138282776,-0.16660000383853912,1.0740000009536743,0.32499998807907104,0.5259000062942505,0.12030000239610672,-0.6169999837875366,-0.5730000138282776,-0.10170000046491623,1.0321999788284302,0.2842999994754791,0.5604000091552734,0.34360000491142273,0.30000001192092896,-0.6912999749183655,-0.10849999636411667,1.083899974822998,0.2816999852657318,0.10830000042915344,0.3937999904155731,0.1088000014424324,-0.9063000082969666,-0.13189999759197235,1.093500018119812,0.3041999936103821,-0.07970000058412552,0.4083000123500824,0.05460000038146973,-0.9077000021934509,-0.14810000360012054,1.0913000106811523,0.31839999556541443,-0.11389999836683273,0.3849000036716461,0.055799998342990875,-0.9142000079154968,-0.16220000386238098,1.0887999534606934,0.33230000734329224,-0.11389999836683273,0.3849000036716461,0.055799998342990875,-0.9142000079154968,-0.09000000357627869,1.0305999517440796,0.2937000095844269,0.5604000091552734,0.34360000491142273,0.30000001192092896,-0.6912999749183655,-0.09369999915361404,1.083899974822998,0.29499998688697815,0.11550000309944153,0.4278999865055084,0.14589999616146088,-0.8845000267028809,-0.12139999866485596,1.096500039100647,0.3181999921798706,-0.1678999960422516,0.4528999924659729,0.018300000578165054,-0.8754000067710876,-0.14100000262260437,1.0895999670028687,0.3312999904155731,-0.30570000410079956,0.4458000063896179,0.008999999612569809,-0.8413000106811523,-0.15800000727176666,1.0791000127792358,0.34130001068115234,-0.30570000410079956,0.4458000063896179,0.008999999612569809,-0.8413000106811523,-0.07999999821186066,1.0296000242233276,0.30149999260902405,0.5604000091552734,0.34360000491142273,0.30000001192092896,-0.6912999749183655,-0.08569999784231186,1.0765999555587769,0.3100000023841858,0.11509999632835388,0.4489000141620636,0.19030000269412994,-0.8654999732971191,-0.1111999973654747,1.0894999504089355,0.32989999651908875,-0.17730000615119934,0.4966999888420105,0.07400000095367432,-0.8464000225067139,-0.13179999589920044,1.0841000080108643,0.34040001034736633,-0.3513000011444092,0.5235999822616577,-0.011900000274181366,-0.7760999798774719,-0.14970000088214874,1.0729999542236328,0.3458000123500824,-0.3513000011444092,0.5235999822616577,-0.011900000274181366,-0.7760999798774719,-0.07810000330209732,1.0282000303268433,0.30889999866485596,0.4165000021457672,0.3571000099182129,0.5059000253677368,-0.6656000018119812,-0.08030000329017639,1.065500020980835,0.32510000467300415,0.07069999724626541,0.5170000195503235,0.2232999950647354,-0.8233000040054321,-0.10279999673366547,1.0750000476837158,0.3375999927520752,-0.20080000162124634,0.5374000072479248,0.12240000069141388,-0.8098999857902527,-0.11940000206232071,1.0714999437332153,0.34380000829696655,-0.31439998745918274,0.5885999798774719,0.04820000007748604,-0.7432000041007996,-0.13750000298023224,1.0643999576568604,0.34630000591278076,-0.31439998745918274,0.5885999798774719,0.04820000007748604,-0.7432000041007996
1771636681.162716,1889,1828,3072.0,3072.0,3072.0,3072.0,3072.0,3072.0,3072.0,3072.0,2540.0,1973.0,1638.0,2418.0,2446.0,2583.0,2540.0,2650.0,3072.0,3072.0,3072.0,3072.0,3072.0,3072.0,3072.0,3072.0,2446.0,1944.0,1424.0,2697.0,2580.0,2643.0,2641.0,2703.0,3038.0,3072.0,3072.0,3072.0,3072.0,3072.0,3072.0,3072.0,2699.0,2406.0,1588.0,2633.0,2633.0,2706.0,2641.0,2703.0,3064.0,3072.0,2021.0,3072.0,3072.0,3072.0,3072.0,3072.0,3047.0,2576.0,2395.0,2633.0,2580.0,2633.0,2641.0,2703.0,3056.0,3072.0,1974.0,3072.0,3072.0,3072.0,3072.0,3072.0,2376.0,3072.0,3072.0,2470.0,2434.0,2513.0,2590.0,2641.0,3067.0,3065.0,2976.0,3030.0,3072.0,2860.0,2936.0,2967.0,2903.0,2919.0,3037.0,3063.0,2641.0,2633.0,2590.0,2590.0,3072.0,3072.0,3072.0,3072.0,3072.0,3072.0,3069.0,3072.0,2703.0,3072.0,3072.0,3065.0,2695.0,2633.0,2650.0,2641.0,3072.0,3072.0,3072.0,3072.0,3072.0,3072.0,3068.0,3072.0,2997.0,2874.0,2916.0,3066.0,2130.0,2273.0,2358.0,2492.0,3072.0,3072.0,3072.0,3069.0,3072.0,3072.0,3050.0,3063.0,3072.0,3072.0,3072.0,3068.0,2633.0,2633.0,2641.0,2641.0,2699.0,2989.0,2598.0,3072.0,3072.0,3072.0,3072.0,3072.0,3072.0,3072.0,3072.0,3066.0,2580.0,2633.0,2695.0,2695.0,3072.0,3072.0,3072.0,3072.0,3072.0,3072.0,3072.0,3072.0,3072.0,3072.0,3034.0,2643.0,2529.0,2633.0,2641.0,2580.0,3072.0,3072.0,3072.0,3072.0,3072.0,3072.0,3072.0,2799.0,3072.0,3072.0,3072.0,2443.0,2363.0,2571.0,2590.0,2580.0,3072.0,3003.0,2819.0,3072.0,3072.0,3072.0,3072.0,3072.0,3072.0,3072.0,3072.0,3072.0,2225.0,1438.0,3072.0,2807.0,3072.0,3072.0,3072.0,3072.0,3072.0,3072.0,3072.0,3072.0,3072.0,3072.0,3072.0,3072.0,2995.0,1778.0,2846.0,2524.0,3072.0,3072.0,3072.0,3072.0,3072.0,3072.0,3072.0,3072.0,3072.0,3072.0,3072.0,3072.0,2953.0,2953.0,2989.0,1709.0,3072.0,3072.0,3072.0,3072.0,3072.0,3072.0,3072.0,3072.0,3072.0,3072.0,3072.0,3072.0,2963.0,1979.0,2015.0,1152.0,-0.48190000653266907,0.8501999974250793,0.1923000067472458,0.6097999811172485,0.07370000332593918,-0.3172999918460846,-0.7225000262260437,-0.5091000199317932,0.9017999768257141,0.21199999749660492,0.6097999811172485,0.07370000332593918,-0.3172999918460846,-0.7225000262260437,-0.47279998660087585,0.890999972820282,0.21289999783039093,0.4449999928474426,0.21660000085830688,0.46880000829696655,-0.7317000031471252,-0.4697999954223633,0.9169999957084656,0.22840000689029694,0.1777999997138977,0.3628999888896942,0.2824000120162964,-0.8700000047683716,-0.48649999499320984,0.9332000017166138,0.24969999492168427,-0.0812000036239624,0.400299996137619,0.2540000081062317,-0.8766999840736389,-0.503600001335144,0.9358000159263611,0.26489999890327454,-0.0812000036239624,0.400299996137619,0.2540000081062317,-0.8766999840736389,-0.4823000133037567,0.8878999948501587,0.2071000039577484,0.6097999811172485,0.07370000332593918,-0.3172999918460846,-0.7225000262260437,-0.5062999725341797,0.9366999864578247,0.21449999511241913,0.48019999265670776,0.003599999938160181,-0.26429998874664307,-0.8363999724388123,-0.515500009059906,0.9650999903678894,0.23360000550746918,0.387800008058548,-0.0333000011742115,-0.287200003862381,-0.8751999735832214,-0.5192999839782715,0.98089998960495,0.24940000474452972,0.4228000044822693,-0.0015999999595806003,-0.31290000677108765,-0.8504999876022339,-0.5254999995231628,0.9962000250816345,0.2621999979019165,0.4228000044822693,-0.0015999999595806003,-0.31290000677108765,-0.8504999876022339,-0.4943000078201294,0.8780999779701233,0.20800000429153442,0.6097999811172485,0.07370000332593918,-0.3172999918460846,-0.7225000262260437,-0.5238999724388123,0.9254999756813049,0.2160000056028366,0.22360000014305115,-0.05810000002384186,-0.35899999737739563,-0.9042999744415283,-0.5260999798774719,0.9434000253677368,0.251800000667572,-0.5134000182151794,-0.31119999289512634,-0.210099995136261,-0.7716000080108643,-0.5081999897956848,0.9262999892234802,0.2590000033378601,-0.8578000068664551,-0.34540000557899475,-0.09780000150203705,-0.367900013923645,-0.49799999594688416,0.9125000238418579,0.24320000410079956,-0.8578000068664551,-0.34540000557899475,-0.09780000150203705,-0.367900013923645,-0.5069000124931335,0.8693000078201294,0.2093999981880188,0.6097999811172485,0.07370000332593918,-0.3172999918460846,-0.7225000262260437,-0.5333999991416931,0.9100000262260437,0.22290000319480896,0.17229999601840973,-0.09539999812841415,-0.41119998693466187,-0.8899999856948853,-0.5324000120162964,0.9240999817848206,0.2565000057220459,-0.5228999853134155,-0.3910999894142151,-0.24570000171661377,-0.7164000272750854,-0.5120999813079834,0.9101999998092651,0.26010000705718994,-0.8219000101089478,-0.46630001068115234,-0.042399998754262924,-0.32440000772476196,-0.5026999711990356,0.8982999920845032,0.24320000410079956,-0.8219000101089478,-0.46630001068115234,-0.042399998754262924,-0.32440000772476196,-0.5113000273704529,0.8644999861717224,0.2143000066280365,0.5478000044822693,0.0406000018119812,-0.5436999797821045,-0.6345000267028809,-0.5389000177383423,0.8921999931335449,0.23119999468326569,0.16210000216960907,-0.16509999334812164,-0.4731000065803528,-0.8500999808311462,-0.5353000164031982,0.9046000242233276,0.25679999589920044,-0.46799999475479126,-0.4487000107765198,-0.31279999017715454,-0.694100022315979,-0.5178999900817871,0.897599995136261,0.2599000036716461,-0.7371000051498413,-0.5748999714851379,-0.06509999930858612,-0.3492000102996826,-0.5066999793052673,0.888700008392334,0.2451000064611435,-0.7371000051498413,-0.5748999714851379,-0.06509999930858612,-0.3492000102996826,-0.07840000092983246,1.001099944114685,0.28360000252723694,0.559499979019165,0.3434000015258789,0.299699991941452,-0.6922000050544739,-0.09120000153779984,1.0577000379562378,0.2946999967098236,0.559499979019165,0.3434000015258789,0.299699991941452,-0.6922000050544739,-0.11169999837875366,1.031000018119812,0.28619998693466187,0.5224999785423279,0.09969999641180038,-0.6105999946594238,-0.5867000222206116,-0.13359999656677246,1.045199990272522,0.298799991607666,0.44350001215934753,0.009100000374019146,-0.538100004196167,-0.71670001745224,-0.14839999377727509,1.0641000270843506,0.31709998846054077,0.5253000259399414,0.12319999933242798,-0.6177999973297119,-0.5720000267028809,-0.16609999537467957,1.0741000175476074,0.32519999146461487,0.5253000259399414,0.12319999933242798,-0.6177999973297119,-0.5720000267028809,-0.10100000351667404,1.0326999425888062,0.28459998965263367,0.559499979019165,0.3434000015258789,0.299699991941452,-0.6922000050544739,-0.10790000110864639,1.0844000577926636,0.28200000524520874,0.11429999768733978,0.3928000032901764,0.11140000075101852,-0.9057000279426575,-0.13109999895095825,1.0944000482559204,0.304500013589859,-0.06419999897480011,0.4072999954223633,0.06159999966621399,-0.9089000225067139,-0.14730000495910645,1.093000054359436,0.3188000023365021,-0.09700000286102295,0.38440001010894775,0.06400000303983688,-0.9157999753952026,-0.16140000522136688,1.0911999940872192,0.3328999876976013,-0.09700000286102295,0.38440001010894775,0.06400000303983688,-0.9157999753952026,-0.0892999991774559,1.0311000347137451,0.2939000129699707,0.559499979019165,0.3434000015258789,0.299699991941452,-0.6922000050544739,-0.09309999644756317,1.0844000577926636,0.2953999936580658,0.11959999799728394,0.426800012588501,0.14800000190734863,-0.8841000199317932,-0.12060000002384186,1.0973000526428223,0.31859999895095825,-0.1582999974489212,0.45239999890327454,0.023600000888109207,-0.8773999810218811,-0.14030000567436218,1.090999960899353,0.3319000005722046,-0.2953999936580658,0.4465000033378601,0.014700000174343586,-0.8445000052452087,-0.1573999971151352,1.080899953842163,0.34209999442100525,-0.2953999936580658,0.4465000033378601,0.014700000174343586,-0.8445000052452087,-0.07919999957084656,1.0300999879837036,0.30169999599456787,0.559499979019165,0.3434000015258789,0.299699991941452,-0.6922000050544739,-0.08510000258684158,1.0771000385284424,0.31040000915527344,0.11900000274181366,0.44760000705718994,0.19249999523162842,-0.8651000261306763,-0.1103999987244606,1.0901999473571777,0.3303000032901764,-0.16910000145435333,0.4959000051021576,0.07880000025033951,-0.8481000065803528,-0.13099999725818634,1.0852999687194824,0.3409000039100647,-0.3418999910354614,0.5239999890327454,-0.006399999838322401,-0.7799999713897705,-0.14900000393390656,1.0745999813079834,0.3465999960899353,-0.3418999910354614,0.5239999890327454,-0.006399999838322401,-0.7799999713897705,-0.07739999890327454,1.0286999940872192,0.3091000020503998,0.415800005197525,0.35659998655319214,0.5056999921798706,-0.6664999723434448,-0.07959999889135361,1.0658999681472778,0.3253999948501587,0.07590000331401825,0.5152999758720398,0.22619999945163727,-0.823199987411499,-0.10189999639987946,1.075700044631958,0.33799999952316284,-0.19460000097751617,0.5365999937057495,0.1264999955892563,-0.8112999796867371,-0.11860000342130661,1.0724999904632568,0.3443000018596649,-0.30720001459121704,0.5885000228881836,0.052799999713897705,-0.7459999918937683,-0.13680000603199005,1.0657000541687012,0.34700000286102295,-0.30720001459121704,0.5885000228881836,0.052799999713897705,-0.7459999918937683
1771636681.201029,1931,2130,3072.0,3072.0,3072.0,3072.0,3072.0,3072.0,3072.0,3072.0,2599.0,2471.0,2063.0,2418.0,2446.0,2513.0,2599.0,2590.0,3072.0,3072.0,3072.0,3072.0,3072.0,3072.0,3072.0,3072.0,2503.0,2404.0,1665.0,2697.0,2641.0,2571.0,2641.0,2641.0,3049.0,3072.0,3072.0,3072.0,3072.0,3072.0,3072.0,3072.0,2699.0,2671.0,1508.0,2706.0,2695.0,2633.0,2641.0,2641.0,3065.0,3072.0,1859.0,3072.0,3072.0,3072.0,3072.0,3072.0,3072.0,2702.0,2593.0,2633.0,2641.0,2706.0,2641.0,2703.0,3072.0,3072.0,2194.0,3072.0,3072.0,3072.0,3072.0,3072.0,2376.0,3072.0,3072.0,2470.0,2434.0,2513.0,2590.0,2641.0,3067.0,3065.0,2976.0,3030.0,3072.0,2860.0,2936.0,2967.0,2903.0,3072.0,3072.0,3064.0,2641.0,2706.0,2590.0,2590.0,3072.0,3072.0,3072.0,3072.0,3072.0,3072.0,3069.0,3072.0,2641.0,3070.0,3069.0,3062.0,2633.0,2633.0,2590.0,2641.0,3072.0,3072.0,3072.0,3072.0,3072.0,3072.0,3072.0,3063.0,2997.0,2885.0,2987.0,3065.0,2130.0,2273.0,2358.0,2492.0,3072.0,3072.0,3072.0,3070.0,3072.0,2950.0,3058.0,3055.0,3072.0,3072.0,3072.0,3065.0,2633.0,2706.0,2641.0,2641.0,2715.0,3002.0,2617.0,3072.0,3072.0,3072.0,3072.0,3026.0,3072.0,3072.0,3072.0,3064.0,2580.0,2633.0,2695.0,2695.0,3072.0,3072.0,3072.0,3072.0,3072.0,3072.0,3072.0,3072.0,3072.0,3072.0,3072.0,2571.0,2529.0,2633.0,2641.0,2641.0,3072.0,3072.0,3072.0,3072.0,3072.0,3072.0,3072.0,2689.0,3072.0,3072.0,3072.0,2373.0,2363.0,2571.0,2529.0,2641.0,3072.0,2859.0,2836.0,2877.0,3072.0,3072.0,3072.0,3072.0,3072.0,3072.0,3072.0,3072.0,2634.0,2054.0,3072.0,2876.0,3072.0,3072.0,3072.0,3072.0,3072.0,3072.0,3072.0,3072.0,3072.0,3072.0,3072.0,3072.0,3033.0,2474.0,3072.0,2972.0,3072.0,3072.0,3072.0,3072.0,3072.0,3072.0,3072.0,3072.0,3072.0,3072.0,3072.0,3072.0,3046.0,3072.0,3072.0,2181.0,3072.0,3072.0,3072.0,3072.0,3072.0,3072.0,3072.0,3072.0,3072.0,3072.0,3072.0,3072.0,3049.0,2731.0,1983.0,1459.0,-0.48010000586509705,0.8500000238418579,0.19539999961853027,0.6086000204086304,0.06700000166893005,-0.3151000142097473,-0.7251999974250793,-0.5063999891281128,0.9018999934196472,0.21529999375343323,0.6086000204086304,0.06700000166893005,-0.3151000142097473,-0.7251999974250793,-0.47029998898506165,0.8906999826431274,0.2160000056028366,0.45010000467300415,0.21410000324249268,0.4691999852657318,-0.7289999723434448,-0.4668999910354614,0.9168000221252441,0.2312999963760376,0.18449999392032623,0.36000001430511475,0.2840999960899353,-0.8693000078201294,-0.48339998722076416,0.9333000183105469,0.2524999976158142,-0.07410000264644623,0.3982999920845032,0.25679999589920044,-0.8774999976158142,-0.5001999735832214,0.9362000226974487,0.2678000032901764,-0.07410000264644623,0.3982999920845032,0.25679999589920044,-0.8774999976158142,-0.4797999858856201,0.8877000212669373,0.2101999968290329,0.6086000204086304,0.06700000166893005,-0.3151000142097473,-0.7251999974250793,-0.5031999945640564,0.9368000030517578,0.21789999306201935,0.4788999855518341,-0.00279999990016222,-0.260699987411499,-0.8382999897003174,-0.5117999911308289,0.9653000235557556,0.2370000034570694,0.38769999146461487,-0.03869999945163727,-0.28299999237060547,-0.8763999938964844,-0.5152999758720398,0.9811999797821045,0.25279998779296875,0.4239000082015991,-0.006899999920278788,-0.3091000020503998,-0.8513000011444092,-0.5212000012397766,0.9965999722480774,0.2655999958515167,0.4239000082015991,-0.006899999920278788,-0.3091000020503998,-0.8513000011444092,-0.492000013589859,0.8780999779701233,0.21119999885559082,0.6086000204086304,0.06700000166893005,-0.3151000142097473,-0.7251999974250793,-0.520799994468689,0.9258000254631042,0.21950000524520874,0.22030000388622284,-0.0632999986410141,-0.3540000021457672,-0.9067000150680542,-0.5224999785423279,0.9435999989509583,0.25540000200271606,-0.5177000164985657,-0.3111000061035156,-0.20280000567436218,-0.7706999778747559,-0.5047000050544739,0.9262999892234802,0.2623000144958496,-0.8611999750137329,-0.34119999408721924,-0.09160000085830688,-0.3653999865055084,-0.4948999881744385,0.9124000072479248,0.24639999866485596,-0.8611999750137329,-0.34119999408721924,-0.09160000085830688,-0.3653999865055084,-0.5047000050544739,0.8694999814033508,0.2126999944448471,0.6086000204086304,0.06700000166893005,-0.3151000142097473,-0.7251999974250793,-0.5304999947547913,0.9104999899864197,0.2264000028371811,0.16820000112056732,-0.10040000081062317,-0.40619999170303345,-0.8925999999046326,-0.5289999842643738,0.9243999719619751,0.26010000705718994,-0.527899980545044,-0.39070001244544983,-0.23880000412464142,-0.7153000235557556,-0.5088000297546387,0.9103000164031982,0.26350000500679016,-0.8255000114440918,-0.46230000257492065,-0.03720000013709068,-0.32170000672340393,-0.49970000982284546,0.8982999920845032,0.24639999866485596,-0.8255000114440918,-0.46230000257492065,-0.03720000013709068,-0.32170000672340393,-0.5091000199317932,0.8647000193595886,0.2176000028848648,0.5454999804496765,0.03480000048875809,-0.5418000221252441,-0.6384999752044678,-0.5361999869346619,0.892799973487854,0.23479999601840973,0.15690000355243683,-0.16979999840259552,-0.46860000491142273,-0.8525999784469604,-0.5321000218391418,0.9049999713897705,0.2603999972343445,-0.4738999903202057,-0.4487999975681305,-0.30649998784065247,-0.6929000020027161,-0.5148000121116638,0.8978000283241272,0.2632000148296356,-0.741599977016449,-0.5717999935150146,-0.06030000001192093,-0.3458000123500824,-0.5038999915122986,0.8888000249862671,0.2484000027179718,-0.741599977016449,-0.5717999935150146,-0.06030000001192093,-0.3458000123500824,-0.07729999721050262,1.0020999908447266,0.28369998931884766,0.5569000244140625,0.34369999170303345,0.29899999499320984,-0.6945000290870667,-0.09030000120401382,1.058500051498413,0.29499998688697815,0.5569000244140625,0.34369999170303345,0.29899999499320984,-0.6945000290870667,-0.11069999635219574,1.0318000316619873,0.2863999903202057,0.5206000208854675,0.10480000078678131,-0.6123999953269958,-0.5856999754905701,-0.13269999623298645,1.045699954032898,0.29899999499320984,0.4415000081062317,0.013799999840557575,-0.5408999919891357,-0.7157999873161316,-0.1476999968290329,1.0642999410629272,0.3174000084400177,0.5228999853134155,0.12790000438690186,-0.6194999814033508,-0.571399986743927,-0.1655000001192093,1.0741000175476074,0.3255999982357025,0.5228999853134155,0.12790000438690186,-0.6194999814033508,-0.571399986743927,-0.10000000149011612,1.0335999727249146,0.2847999930381775,0.5569000244140625,0.34369999170303345,0.29899999499320984,-0.6945000290870667,-0.1071000024676323,1.0851999521255493,0.2825999855995178,0.13930000364780426,0.38929998874664307,0.12300000339746475,-0.9021999835968018,-0.12970000505447388,1.0968999862670898,0.30480000376701355,-0.026100000366568565,0.40560001134872437,0.07940000295639038,-0.9101999998092651,-0.14579999446868896,1.0973000526428223,0.31929999589920044,-0.05770000070333481,0.38350000977516174,0.08349999785423279,-0.917900025844574,-0.15970000624656677,1.0973000526428223,0.3336000144481659,-0.05770000070333481,0.38350000977516174,0.08349999785423279,-0.917900025844574,-0.08829999715089798,1.0319000482559204,0.29420000314712524,0.5569000244140625,0.34369999170303345,0.29899999499320984,-0.6945000290870667,-0.09229999780654907,1.0851000547409058,0.29589998722076416,0.13920000195503235,0.42250001430511475,0.1582999974489212,-0.8815000057220459,-0.11909999698400497,1.0995999574661255,0.3190000057220459,-0.12839999794960022,0.451200008392334,0.039900001138448715,-0.8822000026702881,-0.1388999968767166,1.0950000286102295,0.3327000141143799,-0.26339998841285706,0.44920000433921814,0.03229999914765358,-0.8531000018119812,-0.15629999339580536,1.086400032043457,0.34360000491142273,-0.26339998841285706,0.44920000433921814,0.03229999914765358,-0.8531000018119812,-0.07819999754428864,1.031000018119812,0.3019999861717224,0.5569000244140625,0.34369999170303345,0.29899999499320984,-0.6945000290870667,-0.08420000225305557,1.0778000354766846,0.3109000027179718,0.13840000331401825,0.4422000050544739,0.20319999754428864,-0.8626000285148621,-0.1088000014424324,1.0923000574111938,0.33070001006126404,-0.1354999989271164,0.4932999908924103,0.0982000008225441,-0.853600025177002,-0.12929999828338623,1.0892000198364258,0.34200000762939453,-0.30230000615119934,0.526199996471405,0.016200000420212746,-0.794700026512146,-0.14800000190734863,1.080199956893921,0.34860000014305115,-0.30230000615119934,0.526199996471405,0.016200000420212746,-0.794700026512146,-0.07639999687671661,1.0295000076293945,0.3093999922275543,0.4133000075817108,0.35600000619888306,0.5051000118255615,-0.6689000129699707,-0.07880000025033951,1.06659996509552,0.32580000162124634,0.09309999644756317,0.5098000168800354,0.23569999635219574,-0.8220999836921692,-0.10050000250339508,1.0773999691009521,0.3384999930858612,-0.17100000381469727,0.5339999794960022,0.14159999787807465,-0.8158000111579895,-0.11720000207424164,1.0750000476837158,0.3452000021934509,-0.2786000072956085,0.5879999995231628,0.07069999724626541,-0.7560999989509583,-0.1356000006198883,1.0693999528884888,0.34860000014305115,-0.2786000072956085,0.5879999995231628,0.07069999724626541,-0.7560999989509583
1771636681.242536,1972,2333,3072.0,3072.0,3072.0,3072.0,3072.0,3072.0,3072.0,3072.0,2599.0,2772.0,2272.0,2483.0,2389.0,2583.0,2540.0,2590.0,3072.0,3072.0,3072.0,3072.0,3072.0,3072.0,3072.0,3072.0,2446.0,2556.0,1816.0,2697.0,2641.0,2643.0,2641.0,2641.0,3038.0,3072.0,3072.0,3072.0,3072.0,3072.0,3072.0,3072.0,2653.0,2744.0,1840.0,2706.0,2695.0,2706.0,2641.0,2641.0,3067.0,3072.0,1940.0,3072.0,3072.0,3072.0,3072.0,3072.0,3072.0,2702.0,2593.0,2633.0,2641.0,2706.0,2641.0,2703.0,3072.0,3072.0,2194.0,3072.0,3072.0,3072.0,3072.0,3072.0,2492.0,3029.0,3072.0,2470.0,2492.0,2583.0,2590.0,2641.0,3069.0,3065.0,2976.0,2988.0,3072.0,2860.0,2920.0,2927.0,2903.0,2972.0,3072.0,3064.0,2641.0,2706.0,2590.0,2590.0,3072.0,3072.0,3072.0,3072.0,3072.0,3072.0,3069.0,3072.0,2580.0,3072.0,3069.0,3062.0,2633.0,2633.0,2590.0,2641.0,3072.0,3072.0,3072.0,3072.0,3072.0,3072.0,3070.0,3062.0,2847.0,2936.0,2935.0,3066.0,2130.0,2211.0,2358.0,2492.0,3072.0,3072.0,3072.0,3072.0,3072.0,3072.0,3060.0,3054.0,3072.0,3072.0,3072.0,3065.0,2695.0,2706.0,2641.0,2641.0,2811.0,2994.0,2670.0,3072.0,3072.0,3072.0,3072.0,3034.0,3072.0,3072.0,3072.0,3064.0,2580.0,2706.0,2695.0,2695.0,3072.0,3072.0,3072.0,3072.0,3072.0,3072.0,3072.0,3072.0,3072.0,3072.0,3022.0,2571.0,2529.0,2633.0,2703.0,2641.0,3072.0,3072.0,3072.0,3072.0,3072.0,3072.0,3072.0,2872.0,3072.0,3072.0,3072.0,2373.0,2363.0,2571.0,2590.0,2641.0,3072.0,2937.0,2786.0,2999.0,3072.0,3072.0,3072.0,3072.0,3072.0,3072.0,3072.0,3072.0,3001.0,2886.0,3072.0,2941.0,3072.0,3072.0,3072.0,3072.0,3072.0,3072.0,3072.0,3072.0,3072.0,3072.0,3072.0,3072.0,2979.0,2602.0,3072.0,3072.0,3072.0,3072.0,3072.0,3072.0,3072.0,3072.0,3072.0,3072.0,3072.0,3072.0,3072.0,3072.0,3072.0,3072.0,3072.0,2680.0,3072.0,3072.0,3072.0,3072.0,3072.0,3072.0,3072.0,3072.0,3072.0,3072.0,3072.0,3072.0,3055.0,2799.0,2230.0,1732.0,-0.4765999913215637,0.8518999814987183,0.20069999992847443,0.60589998960495,0.05299999937415123,-0.3125999867916107,-0.7297000288963318,-0.5012999773025513,0.9042999744415283,0.22120000422000885,0.60589998960495,0.05299999937415123,-0.3125999867916107,-0.7297000288963318,-0.46540001034736633,0.892300009727478,0.22120000422000885,0.45820000767707825,0.20550000667572021,0.47099998593330383,-0.7251999974250793,-0.46140000224113464,0.9182999730110168,0.2362000048160553,0.19519999623298645,0.35109999775886536,0.2897000014781952,-0.8687000274658203,-0.47699999809265137,0.9354000091552734,0.25760000944137573,-0.06239999830722809,0.39160001277923584,0.26510000228881836,-0.8788999915122986,-0.4936000108718872,0.9387999773025513,0.27320000529289246,-0.06239999830722809,0.39160001277923584,0.26510000228881836,-0.8788999915122986,-0.47510001063346863,0.8895000219345093,0.21549999713897705,0.60589998960495,0.05299999937415123,-0.3125999867916107,-0.7297000288963318,-0.49720001220703125,0.9391000270843506,0.22360000014305115,0.47620001435279846,-0.016499999910593033,-0.2556000053882599,-0.8411999940872192,-0.504800021648407,0.9677000045776367,0.24300000071525574,0.3869999945163727,-0.05090000107884407,-0.2768000066280365,-0.8780999779701233,-0.5076000094413757,0.9837999939918518,0.25870001316070557,0.42500001192092896,-0.01860000006854534,-0.3034999966621399,-0.8525999784469604,-0.5131000280380249,0.9994999766349792,0.27149999141693115,0.42500001192092896,-0.01860000006854534,-0.3034999966621399,-0.8525999784469604,-0.48750001192092896,0.8801000118255615,0.2167000025510788,0.60589998960495,0.05299999937415123,-0.3125999867916107,-0.7297000288963318,-0.5151000022888184,0.9284999966621399,0.225600004196167,0.21250000596046448,-0.07569999992847443,-0.3456000089645386,-0.9108999967575073,-0.5153999924659729,0.9460999965667725,0.26159998774528503,-0.5268999934196472,-0.313400000333786,-0.18780000507831573,-0.7674000263214111,-0.49799999594688416,0.9283999800682068,0.2680000066757202,-0.8680999875068665,-0.3345000147819519,-0.07739999890327454,-0.35850000381469727,-0.48890000581741333,0.9143000245094299,0.2517000138759613,-0.8680999875068665,-0.3345000147819519,-0.07739999890327454,-0.35850000381469727,-0.5002999901771545,0.8718000054359436,0.21850000321865082,0.60589998960495,0.05299999937415123,-0.3125999867916107,-0.7297000288963318,-0.5249000191688538,0.9133999943733215,0.23270000517368317,0.15719999372959137,-0.11330000311136246,-0.3968999981880188,-0.8971999883651733,-0.5220999717712402,0.9269000291824341,0.266400009393692,-0.5393000245094299,-0.392300009727478,-0.22370000183582306,-0.7107999920845032,-0.5023000240325928,0.9122999906539917,0.26910001039505005,-0.8334000110626221,-0.4553999900817871,-0.023499999195337296,-0.31220000982284546,-0.49390000104904175,0.9002000093460083,0.251800000667572,-0.8334000110626221,-0.4553999900817871,-0.023499999195337296,-0.31220000982284546,-0.504800021648407,0.8671000003814697,0.22349999845027924,0.5401999950408936,0.02250000089406967,-0.5396999716758728,-0.6452999711036682,-0.5307999849319458,0.895799994468689,0.24120000004768372,0.1437000036239624,-0.18289999663829803,-0.4596000015735626,-0.8571000099182129,-0.525600016117096,0.9077000021934509,0.2667999863624573,-0.4878000020980835,-0.4512999951839447,-0.2913999855518341,-0.6880999803543091,-0.5084999799728394,0.8999999761581421,0.26899999380111694,-0.7519999742507935,-0.5662000179290771,-0.04650000110268593,-0.3343999981880188,-0.4982999861240387,0.8907999992370605,0.25369998812675476,-0.7519999742507935,-0.5662000179290771,-0.04650000110268593,-0.3343999981880188,-0.07590000331401825,1.0037000179290771,0.28380000591278076,0.5541999936103821,0.34299999475479126,0.29499998688697815,-0.6987000107765198,-0.08940000087022781,1.0599000453948975,0.2955000102519989,0.5541999936103821,0.34299999475479126,0.29499998688697815,-0.6987000107765198,-0.1096000000834465,1.0329999923706055,0.2867000102996826,0.5174999833106995,0.11169999837875366,-0.6168000102043152,-0.5824000239372253,-0.13179999589920044,1.0463999509811401,0.2994000017642975,0.4390999972820282,0.020099999383091927,-0.5467000007629395,-0.7125999927520752,-0.14710000157356262,1.0645999908447266,0.31779998540878296,0.5187000036239624,0.13369999825954437,-0.6237999796867371,-0.5691999793052673,-0.16500000655651093,1.0741000175476074,0.326200008392334,0.5187000036239624,0.13369999825954437,-0.6237999796867371,-0.5691999793052673,-0.09880000352859497,1.0348999500274658,0.28519999980926514,0.5541999936103821,0.34299999475479126,0.29499998688697815,-0.6987000107765198,-0.10649999976158142,1.086400032043457,0.2833999991416931,0.18029999732971191,0.3813999891281128,0.13819999992847443,-0.8960000276565552,-0.12780000269412994,1.1009000539779663,0.3052000105381012,0.026399999856948853,0.400299996137619,0.10050000250339508,-0.9104999899864197,-0.14350000023841858,1.103700041770935,0.3197999894618988,-0.0031999999191612005,0.37940001487731934,0.10729999840259552,-0.9190000295639038,-0.15700000524520874,1.1059999465942383,0.3343000113964081,-0.0031999999191612005,0.37940001487731934,0.10729999840259552,-0.9190000295639038,-0.08720000088214874,1.0333000421524048,0.29440000653266907,0.5541999936103821,0.34299999475479126,0.29499998688697815,-0.6987000107765198,-0.09160000085830688,1.086400032043457,0.29660001397132874,0.1737000048160553,0.41290000081062317,0.17299999296665192,-0.8772000074386597,-0.11699999868869781,1.1035000085830688,0.31949999928474426,-0.08110000193119049,0.4458000063896179,0.06319999694824219,-0.88919997215271,-0.13660000264644623,1.1014000177383423,0.33390000462532043,-0.20980000495910645,0.44920000433921814,0.05909999832510948,-0.8664000034332275,-0.15440000593662262,1.0952999591827393,0.3458999991416931,-0.20980000495910645,0.44920000433921814,0.05909999832510948,-0.8664000034332275,-0.07699999958276749,1.0324000120162964,0.30219998955726624,0.5541999936103821,0.34299999475479126,0.29499998688697815,-0.6987000107765198,-0.08330000191926956,1.0791000127792358,0.31150001287460327,0.16760000586509705,0.4318000078201294,0.21639999747276306,-0.8593999743461609,-0.10660000145435333,1.0956000089645386,0.3312999904155731,-0.0851999968290329,0.48559999465942383,0.12470000237226486,-0.8611000180244446,-0.12690000236034393,1.0950000286102295,0.3434999883174896,-0.23929999768733978,0.5242000222206116,0.05009999871253967,-0.8158000111579895,-0.1459999978542328,1.0887999534606934,0.3515999913215637,-0.23929999768733978,0.5242000222206116,0.05009999871253967,-0.8158000111579895,-0.07509999722242355,1.030900001525879,0.30959999561309814,0.41130000352859497,0.35420000553131104,0.5016999840736389,-0.6736000180244446,-0.07769999653100967,1.0678000450134277,0.3262999951839447,0.11729999631643295,0.49939998984336853,0.24719999730587006,-0.8220000267028809,-0.09860000014305115,1.0799000263214111,0.3393000066280365,-0.1340000033378601,0.526199996471405,0.16410000622272491,-0.8235999941825867,-0.11500000208616257,1.0789999961853027,0.3467000126838684,-0.23109999299049377,0.5825999975204468,0.09969999641180038,-0.7728000283241272,-0.13369999825954437,1.0752999782562256,0.35120001435279846,-0.23109999299049377,0.5825999975204468,0.09969999641180038,-0.7728000283241272
1771636681.285186,2013,2373,3072.0,3072.0,3072.0,3072.0,3072.0,3072.0,3072.0,3072.0,2599.0,2849.0,2346.0,2418.0,2446.0,2583.0,2540.0,2590.0,3072.0,3072.0,3072.0,3072.0,3072.0,3072.0,3072.0,3072.0,2446.0,2589.0,1977.0,2772.0,2580.0,2571.0,2641.0,2641.0,3038.0,3072.0,3072.0,3072.0,3072.0,3072.0,3072.0,3072.0,2746.0,2780.0,1697.0,2706.0,2695.0,2706.0,2641.0,2703.0,3068.0,3072.0,2101.0,3072.0,3072.0,3072.0,3072.0,3072.0,3059.0,2831.0,2544.0,2706.0,2641.0,2706.0,2641.0,2641.0,3072.0,3072.0,2523.0,3072.0,3072.0,3072.0,3072.0,3072.0,2492.0,3072.0,3072.0,2470.0,2492.0,2583.0,2590.0,2641.0,3067.0,3065.0,3072.0,2960.0,3072.0,2966.0,2907.0,2925.0,2903.0,3072.0,3056.0,3063.0,2641.0,2633.0,2590.0,2590.0,3072.0,3072.0,3072.0,3072.0,3072.0,3072.0,3069.0,3072.0,2641.0,3070.0,3069.0,3063.0,2633.0,2633.0,2590.0,2641.0,3072.0,3072.0,3072.0,3072.0,3072.0,3072.0,3064.0,3045.0,2847.0,2955.0,2987.0,3065.0,2130.0,2273.0,2358.0,2492.0,3072.0,3072.0,3072.0,3072.0,3072.0,3072.0,3056.0,3047.0,3072.0,3072.0,3072.0,3066.0,2695.0,2706.0,2641.0,2641.0,2863.0,2994.0,2780.0,3072.0,3072.0,3072.0,3072.0,2938.0,3072.0,3072.0,3072.0,3064.0,2580.0,2633.0,2695.0,2695.0,3072.0,3072.0,3072.0,3072.0,3072.0,3072.0,3072.0,3072.0,3072.0,3072.0,3072.0,2571.0,2529.0,2633.0,2641.0,2641.0,3072.0,3072.0,3072.0,3072.0,3072.0,3072.0,3072.0,2786.0,3072.0,3072.0,3072.0,2304.0,2422.0,2571.0,2590.0,2580.0,3072.0,2847.0,2693.0,2787.0,3072.0,3072.0,3072.0,3072.0,3072.0,3072.0,3072.0,3072.0,3072.0,3072.0,3072.0,3064.0,3072.0,3072.0,3072.0,3072.0,3072.0,3072.0,3072.0,3072.0,3072.0,3072.0,3072.0,3072.0,3072.0,2624.0,3072.0,3026.0,3072.0,3072.0,3072.0,3072.0,3072.0,3072.0,3072.0,3072.0,3072.0,3072.0,3072.0,3072.0,3020.0,3072.0,3072.0,2776.0,3072.0,3072.0,3072.0,3072.0,3072.0,3072.0,3072.0,3072.0,3072.0,3072.0,3072.0,3072.0,3072.0,2718.0,2372.0,2091.0,-0.47110000252723694,0.855400025844574,0.20839999616146088,0.6014999747276306,0.030899999663233757,-0.31049999594688416,-0.7354000210762024,-0.4934000074863434,0.9086999893188477,0.2296999990940094,0.6014999747276306,0.030899999663233757,-0.31049999594688416,-0.7354000210762024,-0.45809999108314514,0.8953999876976013,0.22859999537467957,0.4657999873161316,0.18860000371932983,0.4763000011444092,-0.7214999794960022,-0.4528999924659729,0.9212999939918518,0.24369999766349792,0.20419999957084656,0.3359000086784363,0.3012999892234802,-0.8687000274658203,-0.4674000144004822,0.9387999773025513,0.265500009059906,-0.05209999904036522,0.38019999861717224,0.2809000015258789,-0.8795999884605408,-0.48330000042915344,0.942799985408783,0.2815000116825104,-0.05209999904036522,0.38019999861717224,0.2809000015258789,-0.8795999884605408,-0.46799999475479126,0.8930000066757202,0.2231999933719635,0.6014999747276306,0.030899999663233757,-0.31049999594688416,-0.7354000210762024,-0.48809999227523804,0.9433000087738037,0.23190000653266907,0.4715999960899353,-0.03830000013113022,-0.24950000643730164,-0.8449000120162964,-0.49410000443458557,0.972100019454956,0.2515000104904175,0.38499999046325684,-0.07069999724626541,-0.2689000070095062,-0.8799999952316284,-0.4959999918937683,0.9883999824523926,0.2671999931335449,0.4253999888896942,-0.03790000081062317,-0.2969000041484833,-0.8540999889373779,-0.5005999803543091,1.0042999982833862,0.2799000144004822,0.4253999888896942,-0.03790000081062317,-0.2969000041484833,-0.8540999889373779,-0.4805999994277954,0.8840000033378601,0.2248000055551529,0.6014999747276306,0.030899999663233757,-0.31049999594688416,-0.7354000210762024,-0.5062000155448914,0.9333000183105469,0.2345000058412552,0.19869999587535858,-0.09650000184774399,-0.3334999978542328,-0.9164999723434448,-0.5044000148773193,0.9505000114440918,0.27070000767707825,-0.5425000190734863,-0.3188000023365021,-0.16369999945163727,-0.7598000168800354,-0.48739999532699585,0.9319999814033508,0.2759999930858612,-0.8790000081062317,-0.32510000467300415,-0.053300000727176666,-0.3447999954223633,-0.4796000123023987,0.917900025844574,0.2590999901294708,-0.8790000081062317,-0.32510000467300415,-0.053300000727176666,-0.3447999954223633,-0.4936000108718872,0.8762000203132629,0.22699999809265137,0.6014999747276306,0.030899999663233757,-0.31049999594688416,-0.7354000210762024,-0.5163000226020813,0.9185000061988831,0.24199999868869781,0.1356000006198883,-0.13619999587535858,-0.38260000944137573,-0.9036999940872192,-0.5112000107765198,0.9312000274658203,0.27570000290870667,-0.5597000122070312,-0.3968000113964081,-0.19820000231266022,-0.699999988079071,-0.4918999969959259,0.9157000184059143,0.27709999680519104,-0.8461999893188477,-0.44519999623298645,0.0006000000284984708,-0.29260000586509705,-0.48500001430511475,0.9035999774932861,0.2590999901294708,-0.8461999893188477,-0.44519999623298645,0.0006000000284984708,-0.29260000586509705,-0.49799999594688416,0.8715999722480774,0.2320999950170517,0.5315999984741211,0.002899999963119626,-0.5378000140190125,-0.6542999744415283,-0.5224999785423279,0.9010999798774719,0.25060001015663147,0.11649999767541885,-0.2079000025987625,-0.4449999928474426,-0.8633000254631042,-0.5152000188827515,0.9121999740600586,0.2759999930858612,-0.5142999887466431,-0.45739999413490295,-0.26409998536109924,-0.6757000088691711,-0.4982999861240387,0.9035999774932861,0.2770000100135803,-0.7699000239372253,-0.5575000047683716,-0.020899999886751175,-0.3100000023841858,-0.4896000027656555,0.8942999839782715,0.26100000739097595,-0.7699000239372253,-0.5575000047683716,-0.020899999886751175,-0.3100000023841858,-0.0746999979019165,1.0052000284194946,0.28380000591278076,0.5529000163078308,0.34150001406669617,0.28369998931884766,-0.7050999999046326,-0.08900000154972076,1.0609999895095825,0.29580000042915344,0.5529000163078308,0.34150001406669617,0.28369998931884766,-0.7050999999046326,-0.1088000014424324,1.0338000059127808,0.2870999872684479,0.5127999782562256,0.11760000139474869,-0.6263999938964844,-0.5752000212669373,-0.13130000233650208,1.0464999675750732,0.30000001192092896,0.4359999895095825,0.02449999935925007,-0.5579000115394592,-0.7056999802589417,-0.1468999981880188,1.0642000436782837,0.31859999895095825,0.5103999972343445,0.13619999587535858,-0.6337000131607056,-0.5651000142097473,-0.164900004863739,1.0733000040054321,0.3271999955177307,0.5103999972343445,0.13619999587535858,-0.6337000131607056,-0.5651000142097473,-0.0982000008225441,1.0358999967575073,0.2854999899864197,0.5529000163078308,0.34150001406669617,0.28369998931884766,-0.7050999999046326,-0.10670000314712524,1.0872000455856323,0.2842000126838684,0.19990000128746033,0.3734999895095825,0.13519999384880066,-0.8956999778747559,-0.1274999976158142,1.1026999950408936,0.3057999908924103,0.04540000110864639,0.3926999866962433,0.09860000014305115,-0.9132999777793884,-0.1428000032901764,1.1061999797821045,0.3206999897956848,0.017000000923871994,0.3718000054359436,0.10649999976158142,-0.921999990940094,-0.15600000321865082,1.1092000007629395,0.3352999985218048,0.017000000923871994,0.3718000054359436,0.10649999976158142,-0.921999990940094,-0.08630000054836273,1.034500002861023,0.2946000099182129,0.5529000163078308,0.34150001406669617,0.28369998931884766,-0.7050999999046326,-0.09160000085830688,1.087499976158142,0.2971000075340271,0.19689999520778656,0.4018000066280365,0.17479999363422394,-0.8769999742507935,-0.11590000241994858,1.1059999465942383,0.3199999928474426,-0.04910000041127205,0.43529999256134033,0.07270000129938126,-0.8960000276565552,-0.13519999384880066,1.1053999662399292,0.335099995136261,-0.16859999299049377,0.4410000145435333,0.0737999975681305,-0.8784000277519226,-0.15279999375343323,1.101099967956543,0.34790000319480896,-0.16859999299049377,0.4410000145435333,0.0737999975681305,-0.8784000277519226,-0.07590000331401825,1.0338000059127808,0.30230000615119934,0.5529000163078308,0.34150001406669617,0.28369998931884766,-0.7050999999046326,-0.08299999684095383,1.080299973487854,0.3118000030517578,0.18889999389648438,0.420199990272522,0.21809999644756317,-0.8604000210762024,-0.10520000010728836,1.0979000329971313,0.33169999718666077,-0.052299998700618744,0.47380000352859497,0.13570000231266022,-0.8684999942779541,-0.125,1.0987999439239502,0.34459999203681946,-0.19480000436306,0.5145000219345093,0.06880000233650208,-0.8321999907493591,-0.14409999549388885,1.094499945640564,0.3538999855518341,-0.19480000436306,0.5145000219345093,0.06880000233650208,-0.8321999907493591,-0.0738999992609024,1.0322999954223633,0.30970001220703125,0.41179999709129333,0.3513000011444092,0.492000013589859,-0.6819000244140625,-0.07689999788999557,1.069100022315979,0.3264999985694885,0.1348000019788742,0.4871000051498413,0.249099999666214,-0.8260999917984009,-0.09700000286102295,1.0817999839782715,0.33980000019073486,-0.10589999705553055,0.5134999752044678,0.1762000024318695,-0.8331000208854675,-0.11309999972581863,1.0819000005722046,0.34790000319480896,-0.1931000053882599,0.5706999897956848,0.11909999698400497,-0.7892000079154968,-0.13169999420642853,1.079699993133545,0.35359999537467957,-0.1931000053882599,0.5706999897956848,0.11909999698400497,-0.7892000079154968
1771636681.330964,2056,2524,3072.0,3072.0,3072.0,3072.0,3072.0,3072.0,3072.0,3072.0,2599.0,2921.0,2569.0,2418.0,2446.0,2583.0,2540.0,2590.0,3072.0,3072.0,3072.0,3072.0,3072.0,3072.0,3072.0,3072.0,2503.0,2531.0,2102.0,2772.0,2641.0,2643.0,2703.0,2641.0,3038.0,3072.0,3072.0,3072.0,3072.0,3072.0,3072.0,3072.0,2653.0,2835.0,2188.0,2706.0,2695.0,2706.0,2641.0,2641.0,3065.0,3072.0,2182.0,3072.0,3072.0,3072.0,3072.0,3072.0,3059.0,2883.0,2635.0,2706.0,2641.0,2706.0,2641.0,2703.0,3072.0,3072.0,2523.0,3072.0,3072.0,3072.0,3072.0,3072.0,2434.0,3072.0,3072.0,2404.0,2492.0,2583.0,2590.0,2703.0,3067.0,3065.0,3072.0,2953.0,3069.0,2966.0,2959.0,2928.0,2887.0,3072.0,3072.0,3064.0,2641.0,2779.0,2650.0,2650.0,3072.0,3072.0,3072.0,3072.0,3072.0,3072.0,3069.0,3072.0,2641.0,3070.0,3069.0,3062.0,2633.0,2706.0,2590.0,2703.0,3072.0,3072.0,3072.0,3072.0,3072.0,3072.0,3060.0,3043.0,2622.0,3003.0,2974.0,3065.0,2130.0,2273.0,2413.0,2492.0,3072.0,3072.0,3072.0,3072.0,3072.0,3041.0,3055.0,3056.0,3072.0,3072.0,3072.0,3065.0,2633.0,2706.0,2641.0,2641.0,2911.0,2994.0,2908.0,3072.0,3072.0,3072.0,3072.0,2844.0,3072.0,3072.0,3072.0,3064.0,2703.0,2633.0,2695.0,2695.0,3072.0,3072.0,3072.0,3072.0,3072.0,3072.0,3072.0,3072.0,3072.0,3072.0,3072.0,2571.0,2529.0,2633.0,2703.0,2641.0,3072.0,3072.0,3072.0,3072.0,3072.0,3072.0,3072.0,2749.0,3072.0,3072.0,3072.0,2304.0,2481.0,2571.0,2590.0,2580.0,3072.0,2897.0,2656.0,2812.0,3072.0,3072.0,3072.0,3072.0,3072.0,3072.0,3072.0,3072.0,3072.0,3072.0,3072.0,3072.0,3072.0,3072.0,3072.0,3072.0,3072.0,3072.0,3072.0,3072.0,3072.0,3072.0,3072.0,3072.0,3072.0,2853.0,3072.0,3072.0,3072.0,3072.0,3072.0,3072.0,3072.0,3072.0,3072.0,3072.0,3072.0,3072.0,3072.0,3072.0,3072.0,3072.0,3072.0,3000.0,3072.0,3072.0,3072.0,3072.0,3072.0,3072.0,3072.0,3072.0,3072.0,3072.0,3072.0,3072.0,3072.0,2918.0,2757.0,2192.0,-0.46480000019073486,0.8593000173568726,0.2175000011920929,0.5934000015258789,0.011800000444054604,-0.3172999918460846,-0.7396000027656555,-0.48539999127388,0.9126999974250793,0.23999999463558197,0.5934000015258789,0.011800000444054604,-0.3172999918460846,-0.7396000027656555,-0.4505000114440918,0.8988999724388123,0.23770000040531158,0.4683000147342682,0.17090000212192535,0.4756999909877777,-0.7246999740600586,-0.44449999928474426,0.9243999719619751,0.25290000438690186,0.2054000049829483,0.31859999895095825,0.30730000138282776,-0.8727999925613403,-0.4580000042915344,0.9419000148773193,0.2754000127315521,-0.05090000107884407,0.36489999294281006,0.2912999987602234,-0.8828999996185303,-0.4733999967575073,0.9458000063896179,0.2919999957084656,-0.05090000107884407,0.36489999294281006,0.2912999987602234,-0.8828999996185303,-0.46059998869895935,0.8967000246047974,0.23250000178813934,0.5934000015258789,0.011800000444054604,-0.3172999918460846,-0.7396000027656555,-0.47940000891685486,0.9472000002861023,0.24210000038146973,0.462799996137619,-0.058800000697374344,-0.2531999945640564,-0.8475000262260437,-0.48420000076293945,0.9760000109672546,0.2621000111103058,0.37869998812675476,-0.09030000120401382,-0.27090001106262207,-0.8804000020027161,-0.4853000044822693,0.9922999739646912,0.27790001034736633,0.42089998722076416,-0.05649999901652336,-0.30000001192092896,-0.854200005531311,-0.489300012588501,1.0082999467849731,0.2906999886035919,0.42089998722076416,-0.05649999901652336,-0.30000001192092896,-0.854200005531311,-0.4733000099658966,0.8878999948501587,0.2345999926328659,0.5934000015258789,0.011800000444054604,-0.3172999918460846,-0.7396000027656555,-0.4975999891757965,0.9375,0.24539999663829803,0.1776999980211258,-0.11990000307559967,-0.33009999990463257,-0.9193000197410583,-0.4934999942779541,0.9538000226020813,0.2818000018596649,-0.5608000159263611,-0.3321000039577484,-0.14350000023841858,-0.7447999715805054,-0.4765999913215637,0.9348000288009644,0.2856000065803528,-0.8891000151634216,-0.3239000141620636,-0.027699999511241913,-0.322299987077713,-0.4702000021934509,0.9210000038146973,0.2678999900817871,-0.8891000151634216,-0.3239000141620636,-0.027699999511241913,-0.322299987077713,-0.4862000048160553,0.8802000284194946,0.2371000051498413,0.5934000015258789,0.011800000444054604,-0.3172999918460846,-0.7396000027656555,-0.5076000094413757,0.9229000210762024,0.2531999945640564,0.10589999705553055,-0.16259999573230743,-0.375900000333786,-0.9060999751091003,-0.4997999966144562,0.9343000054359436,0.28690001368522644,-0.5824000239372253,-0.40880000591278076,-0.17560000717639923,-0.680400013923645,-0.48089998960494995,0.9182000160217285,0.2865000069141388,-0.8565000295639038,-0.4426000118255615,0.026100000366568565,-0.26420000195503235,-0.475600004196167,0.906499981880188,0.2678000032901764,-0.8565000295639038,-0.4426000118255615,0.026100000366568565,-0.26420000195503235,-0.4903999865055084,0.8758000135421753,0.24240000545978546,0.5188000202178955,-0.013399999588727951,-0.5437999963760376,-0.659500002861023,-0.513700008392334,0.9054999947547913,0.2619999945163727,0.0812000036239624,-0.23659999668598175,-0.43709999322891235,-0.8639000058174133,-0.5040000081062317,0.9154999852180481,0.2870999872684479,-0.5430999994277954,-0.4700999855995178,-0.23890000581741333,-0.6534000039100647,-0.48750001192092896,0.9063000082969666,0.2865000069141388,-0.7846999764442444,-0.5551000237464905,0.005900000222027302,-0.2757999897003174,-0.48030000925064087,0.8971999883651733,0.2696000039577484,-0.7846999764442444,-0.5551000237464905,0.005900000222027302,-0.2757999897003174,-0.07400000095367432,1.0063999891281128,0.2838999927043915,0.5529000163078308,0.3411000072956085,0.2662999927997589,-0.7121000289916992,-0.08959999680519104,1.0618000030517578,0.29600000381469727,0.5529000163078308,0.3411000072956085,0.2662999927997589,-0.7121000289916992,-0.10890000313520432,1.034000039100647,0.28769999742507935,0.506600022315979,0.12110000103712082,-0.640500009059906,-0.564300000667572,-0.1316000074148178,1.0460000038146973,0.30090001225471497,0.4325999915599823,0.026200000196695328,-0.5735999941825867,-0.6951000094413757,-0.147599995136261,1.0631999969482422,0.319599986076355,0.49880000948905945,0.13420000672340393,-0.6484000086784363,-0.5591999888420105,-0.16539999842643738,1.0717999935150146,0.3287999927997589,0.49880000948905945,0.13420000672340393,-0.6484000086784363,-0.5591999888420105,-0.09830000251531601,1.0363999605178833,0.28600001335144043,0.5529000163078308,0.3411000072956085,0.2662999927997589,-0.7121000289916992,-0.10830000042915344,1.087499976158142,0.2847999930381775,0.21130000054836273,0.36629998683929443,0.12120000272989273,-0.8981000185012817,-0.12880000472068787,1.1032999753952026,0.30640000104904175,0.051899999380111694,0.3840000033378601,0.08399999886751175,-0.9180999994277954,-0.14380000531673431,1.1066999435424805,0.3215999901294708,0.02319999970495701,0.3628000020980835,0.09210000187158585,-0.9269999861717224,-0.156700000166893,1.1096999645233154,0.33640000224113464,0.02319999970495701,0.3628000020980835,0.09210000187158585,-0.9269999861717224,-0.08630000054836273,1.0354000329971313,0.2948000133037567,0.5529000163078308,0.3411000072956085,0.2662999927997589,-0.7121000289916992,-0.09290000051259995,1.0881999731063843,0.2973000109195709,0.20990000665187836,0.392300009727478,0.16459999978542328,-0.880299985408783,-0.11659999936819077,1.107200026512146,0.32030001282691956,-0.037700001150369644,0.4235000014305115,0.06530000269412994,-0.9027000069618225,-0.1354999989271164,1.1068999767303467,0.335999995470047,-0.1517000049352646,0.42890000343322754,0.07010000199079514,-0.8877999782562256,-0.1527000069618225,1.1030999422073364,0.34950000047683716,-0.1517000049352646,0.42890000343322754,0.07010000199079514,-0.8877999782562256,-0.07559999823570251,1.034999966621399,0.30230000615119934,0.5529000163078308,0.3411000072956085,0.2662999927997589,-0.7121000289916992,-0.08380000293254852,1.0813000202178955,0.3118000030517578,0.20200000703334808,0.41029998660087585,0.20829999446868896,-0.8646000027656555,-0.10540000349283218,1.0993000268936157,0.3319999873638153,-0.04100000113248825,0.46239998936653137,0.12860000133514404,-0.8763999938964844,-0.12479999661445618,1.1003999710083008,0.34540000557899475,-0.18050000071525574,0.5020999908447266,0.065700002014637,-0.8432000279426575,-0.1436000019311905,1.096500039100647,0.3553999960422516,-0.18050000071525574,0.5020999908447266,0.065700002014637,-0.8432000279426575,-0.07339999824762344,1.0335999727249146,0.30959999561309814,0.4142000079154968,0.3495999872684479,0.4765999913215637,-0.6922000050544739,-0.07699999958276749,1.0703999996185303,0.3262999951839447,0.14470000565052032,0.4765999913215637,0.23989999294281006,-0.833299994468689,-0.09679999947547913,1.0831999778747559,0.3400999903678894,-0.094200000166893,0.5008999705314636,0.17219999432563782,-0.8429999947547913,-0.11259999871253967,1.0835000276565552,0.34880000352859497,-0.17749999463558197,0.5575000047683716,0.1193000003695488,-0.8022000193595886,-0.13089999556541443,1.0815999507904053,0.35519999265670776,-0.17749999463558197,0.5575000047683716,0.1193000003695488,-0.8022000193595886
1771636681.37622,2097,2677,3072.0,3072.0,3072.0,3072.0,3072.0,3072.0,3072.0,3072.0,2540.0,2976.0,2738.0,2418.0,2503.0,2583.0,2540.0,2590.0,3072.0,3072.0,3072.0,3072.0,3072.0,3072.0,3072.0,3072.0,2446.0,2700.0,2411.0,2772.0,2703.0,2643.0,2703.0,2641.0,3049.0,3072.0,3072.0,3072.0,3072.0,3072.0,3072.0,3072.0,2699.0,2893.0,2344.0,2706.0,2695.0,2706.0,2703.0,2641.0,3059.0,3064.0,2182.0,3072.0,3072.0,3072.0,3072.0,3072.0,3047.0,2965.0,2687.0,2706.0,2641.0,2706.0,2703.0,2641.0,3054.0,3064.0,2742.0,3072.0,3072.0,3072.0,3072.0,3072.0,2376.0,3072.0,3072.0,2470.0,2492.0,2513.0,2650.0,2641.0,3067.0,3065.0,3072.0,2939.0,3072.0,3072.0,2946.0,2911.0,2856.0,3072.0,3064.0,3064.0,2641.0,2706.0,2650.0,2590.0,3072.0,3072.0,3072.0,3072.0,3072.0,3072.0,3069.0,3072.0,2641.0,3072.0,3069.0,3063.0,2633.0,2633.0,2650.0,2641.0,3072.0,3072.0,3072.0,3072.0,3072.0,3072.0,3063.0,3041.0,2697.0,3012.0,2860.0,3066.0,2130.0,2273.0,2358.0,2492.0,3072.0,3072.0,3072.0,3072.0,3072.0,3072.0,3057.0,3045.0,3072.0,3072.0,3072.0,3066.0,2695.0,2633.0,2641.0,2641.0,2853.0,2987.0,2881.0,3072.0,3072.0,3072.0,3072.0,2810.0,3072.0,3072.0,3072.0,3063.0,2703.0,2633.0,2695.0,2695.0,3072.0,3072.0,3072.0,3072.0,3072.0,3072.0,3072.0,3072.0,3072.0,3072.0,3072.0,2571.0,2590.0,2633.0,2641.0,2641.0,3072.0,3072.0,3072.0,3072.0,3072.0,3072.0,3072.0,2706.0,3072.0,3072.0,3072.0,2304.0,2481.0,2571.0,2590.0,2641.0,3072.0,2878.0,2724.0,2854.0,3072.0,3072.0,3072.0,3072.0,3072.0,3072.0,3072.0,3072.0,3072.0,3072.0,3072.0,3072.0,3072.0,3072.0,3072.0,3072.0,3072.0,3072.0,3072.0,3072.0,3072.0,3072.0,3072.0,3072.0,3072.0,2935.0,3072.0,3072.0,3072.0,3072.0,3072.0,3072.0,3072.0,3072.0,3072.0,3072.0,3072.0,3072.0,3072.0,3072.0,3072.0,3072.0,3072.0,2884.0,3072.0,3072.0,3072.0,3072.0,3072.0,3072.0,3072.0,3072.0,3072.0,3072.0,3072.0,3072.0,3072.0,2762.0,2725.0,2123.0,-0.45829999446868896,0.864300012588501,0.227400004863739,0.576200008392334,9.999999747378752e-05,-0.3262999951839447,-0.7494000196456909,-0.47769999504089355,0.9172000288963318,0.2522999942302704,0.576200008392334,9.999999747378752e-05,-0.3262999951839447,-0.7494000196456909,-0.4429999887943268,0.9031999707221985,0.2483000010251999,0.4636000096797943,0.148499995470047,0.4733999967575073,-0.7340999841690063,-0.43630000948905945,0.9280999898910522,0.26429998874664307,0.19670000672340393,0.29739999771118164,0.31279999017715454,-0.8804000020027161,-0.4489000141620636,0.9448999762535095,0.28780001401901245,-0.059700001031160355,0.34470000863075256,0.3021000027656555,-0.8866999745368958,-0.46369999647140503,0.9483000040054321,0.3050000071525574,-0.059700001031160355,0.34470000863075256,0.3021000027656555,-0.8866999745368958,-0.45320001244544983,0.901199996471405,0.2433999925851822,0.576200008392334,9.999999747378752e-05,-0.3262999951839447,-0.7494000196456909,-0.47130000591278076,0.9516000151634216,0.25519999861717224,0.43849998712539673,-0.07360000163316727,-0.26089999079704285,-0.8568999767303467,-0.4749999940395355,0.9794999957084656,0.2766000032424927,0.3555999994277954,-0.10429999977350235,-0.2775999903678894,-0.8863999843597412,-0.47519999742507935,0.9951000213623047,0.2930000126361847,0.39820000529289246,-0.06939999759197235,-0.3070000112056732,-0.8615999817848206,-0.47859999537467957,1.010599970817566,0.30649998784065247,0.39820000529289246,-0.06939999759197235,-0.3070000112056732,-0.8615999817848206,-0.4659000039100647,0.8924999833106995,0.24570000171661377,0.576200008392334,9.999999747378752e-05,-0.3262999951839447,-0.7494000196456909,-0.4893999993801117,0.9419000148773193,0.258899986743927,0.14020000398159027,-0.1388999968767166,-0.33090001344680786,-0.9228000044822693,-0.4828999936580658,0.9559000134468079,0.29580000042915344,-0.5902000069618225,-0.3452000021934509,-0.12950000166893005,-0.7181000113487244,-0.46619999408721924,0.9363999962806702,0.29750001430511475,-0.9024999737739563,-0.3244999945163727,-0.006599999964237213,-0.2831000089645386,-0.4611999988555908,0.923799991607666,0.2784999907016754,-0.9024999737739563,-0.3244999945163727,-0.006599999964237213,-0.2831000089645386,-0.47870001196861267,0.8848000168800354,0.2484000027179718,0.576200008392334,9.999999747378752e-05,-0.3262999951839447,-0.7494000196456909,-0.4991999864578247,0.9269999861717224,0.26660001277923584,0.06539999693632126,-0.18250000476837158,-0.3741999864578247,-0.9067999720573425,-0.48899999260902405,0.9362999796867371,0.3003000020980835,-0.6107000112533569,-0.41940000653266907,-0.1615000069141388,-0.6520000100135803,-0.47049999237060547,0.9200000166893005,0.2978000044822693,-0.8669000267982483,-0.44269999861717224,0.04390000179409981,-0.22499999403953552,-0.4666999876499176,0.9093000292778015,0.27810001373291016,-0.8669000267982483,-0.44269999861717224,0.04390000179409981,-0.22499999403953552,-0.4828000068664551,0.8802000284194946,0.25380000472068787,0.4982999861240387,-0.019999999552965164,-0.551800012588501,-0.66839998960495,-0.5051000118255615,0.909500002861023,0.2752000093460083,0.040800001472234726,-0.25589999556541443,-0.435699999332428,-0.8619999885559082,-0.4934999942779541,0.917900025844574,0.30000001192092896,-0.5730000138282776,-0.4797999858856201,-0.2248000055551529,-0.6252999901771545,-0.4772000014781952,0.9083999991416931,0.2978000044822693,-0.7971000075340271,-0.5552999973297119,0.021700000390410423,-0.2362000048160553,-0.4715000092983246,0.9000999927520752,0.2799000144004822,-0.7971000075340271,-0.5552999973297119,0.021700000390410423,-0.2362000048160553,-0.0738999992609024,1.0074000358581543,0.2838999927043915,0.5511999726295471,0.34389999508857727,0.2556000053882599,-0.7159000039100647,-0.09049999713897705,1.0621999502182007,0.29600000381469727,0.5511999726295471,0.34389999508857727,0.2556000053882599,-0.7159000039100647,-0.10920000076293945,1.03410005569458,0.28790000081062317,0.503000020980835,0.12559999525547028,-0.6495000123977661,-0.5561000108718872,-0.13189999759197235,1.0455000400543213,0.3010999858379364,0.4311999976634979,0.029899999499320984,-0.5839999914169312,-0.6872000098228455,-0.14820000529289246,1.0621000528335571,0.3199000060558319,0.4902999997138977,0.13330000638961792,-0.6579999923706055,-0.5557000041007996,-0.16590000689029694,1.0702999830245972,0.3294000029563904,0.4902999997138977,0.13330000638961792,-0.6579999923706055,-0.5557000041007996,-0.09870000183582306,1.0367000102996826,0.28610000014305115,0.5511999726295471,0.34389999508857727,0.2556000053882599,-0.7159000039100647,-0.10980000346899033,1.0872999429702759,0.2849999964237213,0.225600004196167,0.3646000027656555,0.1136000007390976,-0.8962000012397766,-0.12999999523162842,1.103600025177002,0.3061999976634979,0.06040000170469284,0.38199999928474426,0.07440000027418137,-0.9192000031471252,-0.14480000734329224,1.107200026512146,0.3212999999523163,0.03060000017285347,0.36090001463890076,0.08209999650716782,-0.9284999966621399,-0.15760000050067902,1.1103999614715576,0.335999995470047,0.03060000017285347,0.36090001463890076,0.08209999650716782,-0.9284999966621399,-0.08659999817609787,1.0360000133514404,0.2948000133037567,0.5511999726295471,0.34389999508857727,0.2556000053882599,-0.7159000039100647,-0.09440000355243683,1.0884000062942505,0.2973000109195709,0.22269999980926514,0.3889999985694885,0.15860000252723694,-0.8797000050544739,-0.11760000139474869,1.1079000234603882,0.3199999928474426,-0.02850000001490116,0.41920000314712524,0.058800000697374344,-0.9056000113487244,-0.13619999587535858,1.107800006866455,0.3357999920845032,-0.14329999685287476,0.4244000017642975,0.06390000134706497,-0.8917999863624573,-0.15309999883174896,1.1043000221252441,0.34950000047683716,-0.14329999685287476,0.4244000017642975,0.06390000134706497,-0.8917999863624573,-0.07599999755620956,1.0357999801635742,0.30219998955726624,0.5511999726295471,0.34389999508857727,0.2556000053882599,-0.7159000039100647,-0.08500000089406967,1.0816999673843384,0.311599999666214,0.2117999941110611,0.40709999203681946,0.2013999968767166,-0.8654000163078308,-0.1062999963760376,1.100000023841858,0.33160001039505005,-0.03579999879002571,0.4584999978542328,0.12060000002384186,-0.8797000050544739,-0.12540000677108765,1.101099967956543,0.3450999855995178,-0.17749999463558197,0.49729999899864197,0.0575999990105629,-0.8472999930381775,-0.14399999380111694,1.0972000360488892,0.35530000925064087,-0.17749999463558197,0.49729999899864197,0.0575999990105629,-0.8472999930381775,-0.07360000163316727,1.034500002861023,0.3095000088214874,0.41339999437332153,0.3513000011444092,0.4666999876499176,-0.6984999775886536,-0.07779999822378159,1.0710999965667725,0.3260999917984009,0.1509000062942505,0.47290000319480896,0.2328999936580658,-0.8363000154495239,-0.09740000218153,1.083899974822998,0.33980000019073486,-0.09059999883174896,0.49630001187324524,0.1655000001192093,-0.8474000096321106,-0.11299999803304672,1.0841000080108643,0.34869998693466187,-0.1745000034570694,0.552299976348877,0.11320000141859055,-0.8072999715805054,-0.13120000064373016,1.0821000337600708,0.35530000925064087,-0.1745000034570694,0.552299976348877,0.11320000141859055,-0.8072999715805054
1771636681.407758,2138,2688,3072.0,3072.0,3072.0,3072.0,3072.0,3072.0,3072.0,3072.0,2599.0,3031.0,2720.0,2353.0,2446.0,2583.0,2540.0,2590.0,3072.0,3072.0,3072.0,3072.0,3072.0,3072.0,3072.0,3072.0,2560.0,2835.0,2380.0,2697.0,2641.0,2643.0,2641.0,2641.0,3049.0,3072.0,3072.0,3072.0,3072.0,3072.0,3072.0,3072.0,2653.0,2930.0,2235.0,2706.0,2695.0,2706.0,2641.0,2641.0,3061.0,3072.0,2182.0,3072.0,3072.0,3072.0,3072.0,3072.0,3034.0,3009.0,2695.0,2633.0,2641.0,2706.0,2641.0,2641.0,3060.0,3072.0,2633.0,3072.0,3072.0,3072.0,3072.0,3072.0,2376.0,3072.0,3072.0,2404.0,2434.0,2513.0,2590.0,2641.0,3064.0,3065.0,3072.0,2909.0,3072.0,2648.0,2917.0,2917.0,2872.0,3072.0,3072.0,3063.0,2641.0,2706.0,2590.0,2590.0,3072.0,3072.0,3072.0,3072.0,3072.0,3072.0,3069.0,3072.0,2641.0,3072.0,3069.0,3063.0,2633.0,2633.0,2650.0,2641.0,3072.0,3072.0,3072.0,3072.0,3072.0,3072.0,3060.0,3040.0,2472.0,2975.0,2938.0,3066.0,2130.0,2273.0,2413.0,2492.0,3072.0,3072.0,3072.0,3072.0,3072.0,3072.0,3057.0,3050.0,3072.0,3072.0,3072.0,3066.0,2695.0,2706.0,2703.0,2641.0,2791.0,3006.0,2952.0,3072.0,3072.0,3072.0,3072.0,2804.0,3072.0,3072.0,3072.0,3064.0,2641.0,2706.0,2695.0,2695.0,3072.0,3072.0,3072.0,3072.0,3072.0,3072.0,3072.0,3072.0,3072.0,3072.0,3072.0,2643.0,2590.0,2706.0,2641.0,2641.0,3072.0,3072.0,3072.0,3072.0,3072.0,3072.0,3072.0,2706.0,3072.0,3072.0,3072.0,2373.0,2481.0,2571.0,2529.0,2641.0,3072.0,2959.0,2794.0,2727.0,3072.0,3072.0,3072.0,3072.0,3072.0,3072.0,3072.0,3072.0,3072.0,3072.0,3072.0,3045.0,3072.0,3072.0,3072.0,3072.0,3072.0,3072.0,3072.0,3072.0,3072.0,3072.0,3072.0,3072.0,3072.0,3009.0,3072.0,3072.0,3072.0,3072.0,3072.0,3072.0,3072.0,3072.0,3072.0,3072.0,3072.0,3072.0,3072.0,3072.0,3072.0,3072.0,3072.0,3025.0,3072.0,3072.0,3072.0,3072.0,3072.0,3072.0,3072.0,3072.0,3072.0,3072.0,3072.0,3072.0,3072.0,2806.0,2808.0,2202.0,-0.45239999890327454,0.8715000152587891,0.23479999601840973,0.5286999940872192,-0.007400000002235174,-0.33500000834465027,-0.7799000144004822,-0.46959999203681946,0.9218999743461609,0.26589998602867126,0.5286999940872192,-0.007400000002235174,-0.33500000834465027,-0.7799000144004822,-0.43529999256134033,0.9078999757766724,0.25859999656677246,0.4388999938964844,0.0997999981045723,0.47429999709129333,-0.756600022315979,-0.42730000615119934,0.9309999942779541,0.2766999900341034,0.16169999539852142,0.25529998540878296,0.3301999866962433,-0.8942000269889832,-0.4383000135421753,0.9453999996185303,0.30250000953674316,-0.09239999949932098,0.3043999969959259,0.329800009727478,-0.8888000249862671,-0.4519999921321869,0.9473999738693237,0.32089999318122864,-0.09239999949932098,0.3043999969959259,0.329800009727478,-0.8888000249862671,-0.44589999318122864,0.9065999984741211,0.2540999948978424,0.5286999940872192,-0.007400000002235174,-0.33500000834465027,-0.7799000144004822,-0.4625000059604645,0.9557999968528748,0.2718999981880188,0.3734999895095825,-0.08709999918937683,-0.26969999074935913,-0.8833000063896179,-0.4641000032424927,0.9807999730110168,0.2969000041484833,0.28870001435279846,-0.11649999767541885,-0.2856000065803528,-0.9064000248908997,-0.46309998631477356,0.9941999912261963,0.31520000100135803,0.3312999904155731,-0.07989999651908875,-0.3142000138759613,-0.8860999941825867,-0.4652999937534332,1.0078999996185303,0.33079999685287476,0.3312999904155731,-0.07989999651908875,-0.3142000138759613,-0.8860999941825867,-0.4586000144481659,0.8978000283241272,0.25619998574256897,0.5286999940872192,-0.007400000002235174,-0.33500000834465027,-0.7799000144004822,-0.4805000126361847,0.9459999799728394,0.27549999952316284,0.06499999761581421,-0.15240000188350677,-0.3325999975204468,-0.9283999800682068,-0.4708999991416931,0.9549000263214111,0.313400000333786,-0.6460999846458435,-0.35499998927116394,-0.12049999833106995,-0.6647999882698059,-0.454800009727478,0.9350000023841858,0.31119999289512634,-0.9240000247955322,-0.3215999901294708,0.010400000028312206,-0.20659999549388885,-0.45170000195503235,0.925000011920929,0.29030001163482666,-0.9240000247955322,-0.3215999901294708,0.010400000028312206,-0.20659999549388885,-0.4713999927043915,0.8899999856948853,0.2587999999523163,0.5286999940872192,-0.007400000002235174,-0.33500000834465027,-0.7799000144004822,-0.490200012922287,0.9304999709129333,0.2822999954223633,-0.009999999776482582,-0.19439999759197235,-0.37439998984336853,-0.9065999984741211,-0.4771000146865845,0.9351999759674072,0.3158999979496002,-0.661899983882904,-0.4242999851703644,-0.15539999306201935,-0.5981000065803528,-0.4593999981880188,0.9187999963760376,0.3100999891757965,-0.8831999897956848,-0.4406999945640564,0.05209999904036522,-0.1518000066280365,-0.45739999413490295,0.9106000065803528,0.2888999879360199,-0.8831999897956848,-0.4406999945640564,0.05209999904036522,-0.1518000066280365,-0.47530001401901245,0.8849999904632568,0.2639000117778778,0.4490000009536743,-0.013299999758601189,-0.5598000288009644,-0.696399986743927,-0.4959999918937683,0.9122999906539917,0.28929999470710754,-0.03229999914765358,-0.2639000117778778,-0.43880000710487366,-0.858299970626831,-0.4821999967098236,0.9172999858856201,0.3140000104904175,-0.625,-0.4814000129699707,-0.22110000252723694,-0.5734000205993652,-0.46639999747276306,0.907800018787384,0.3093000054359436,-0.8165000081062317,-0.5526999831199646,0.023499999195337296,-0.16500000655651093,-0.46239998936653137,0.9014999866485596,0.29019999504089355,-0.8165000081062317,-0.5526999831199646,0.023499999195337296,-0.16500000655651093,-0.07360000163316727,1.0077999830245972,0.2842999994754791,0.5475000143051147,0.3474999964237213,0.2542000114917755,-0.7174999713897705,-0.09070000052452087,1.0621999502182007,0.29649999737739563,0.5475000143051147,0.3474999964237213,0.2542000114917755,-0.7174999713897705,-0.10890000313520432,1.03410005569458,0.2881999909877777,0.5013999938964844,0.13089999556541443,-0.6517000198364258,-0.5537999868392944,-0.13179999589920044,1.0450999736785889,0.30140000581741333,0.43070000410079956,0.03579999879002571,-0.5871000289916992,-0.684499979019165,-0.14830000698566437,1.061400055885315,0.32010000944137573,0.4864000082015991,0.13580000400543213,-0.6604999899864197,-0.5555999875068665,-0.16599999368190765,1.0693999528884888,0.3296999931335449,0.4864000082015991,0.13580000400543213,-0.6604999899864197,-0.5555999875068665,-0.09860000014305115,1.0368000268936157,0.2865000069141388,0.5475000143051147,0.3474999964237213,0.2542000114917755,-0.7174999713897705,-0.10999999940395355,1.0871000289916992,0.2854999899864197,0.2425999939441681,0.36640000343322754,0.11749999970197678,-0.890500009059906,-0.1298999935388565,1.1044000387191772,0.3059999942779541,0.06239999830722809,0.3862000107765198,0.07119999825954437,-0.9175999760627747,-0.14489999413490295,1.1080000400543213,0.32089999318122864,0.028699999675154686,0.3653999865055084,0.07720000296831131,-0.9272000193595886,-0.15780000388622284,1.1109999418258667,0.33550000190734863,0.028699999675154686,0.3653999865055084,0.07720000296831131,-0.9272000193595886,-0.08659999817609787,1.0362000465393066,0.295199990272522,0.5475000143051147,0.3474999964237213,0.2542000114917755,-0.7174999713897705,-0.09480000287294388,1.0881999731063843,0.29789999127388,0.23690000176429749,0.38999998569488525,0.1615999937057495,-0.875,-0.1177000030875206,1.1087000370025635,0.3199000060558319,-0.015799999237060547,0.4212000072002411,0.06030000001192093,-0.9047999978065491,-0.13619999587535858,1.1092000007629395,0.33550000190734863,-0.13220000267028809,0.42739999294281006,0.06459999829530716,-0.8920000195503235,-0.15309999883174896,1.1060999631881714,0.3492000102996826,-0.13220000267028809,0.42739999294281006,0.06459999829530716,-0.8920000195503235,-0.07599999755620956,1.0361000299453735,0.3025999963283539,0.5475000143051147,0.3474999964237213,0.2542000114917755,-0.7174999713897705,-0.08540000021457672,1.0816999673843384,0.31220000982284546,0.22390000522136688,0.4074999988079071,0.20409999787807465,-0.8615000247955322,-0.10639999806880951,1.100600004196167,0.33160001039505005,-0.025100000202655792,0.4602999985218048,0.12189999967813492,-0.8790000081062317,-0.12540000677108765,1.1022000312805176,0.3450999855995178,-0.1680999994277954,0.49950000643730164,0.0575999990105629,-0.8478999733924866,-0.14399999380111694,1.0986000299453735,0.35530000925064087,-0.1680999994277954,0.49950000643730164,0.0575999990105629,-0.8478999733924866,-0.07360000163316727,1.0348000526428223,0.30979999899864197,0.4092999994754791,0.35370001196861267,0.4650999903678894,-0.7006999850273132,-0.07829999923706055,1.0710999965667725,0.3264999985694885,0.16169999539852142,0.4722000062465668,0.23579999804496765,-0.8338000178337097,-0.09749999642372131,1.0844000577926636,0.3400999903678894,-0.08100000023841858,0.49729999899864197,0.1678999960422516,-0.8472999930381775,-0.11299999803304672,1.0849000215530396,0.3488999903202057,-0.16580000519752502,0.5536999702453613,0.1143999993801117,-0.8080000281333923,-0.13109999895095825,1.0831999778747559,0.3555000126361847,-0.16580000519752502,0.5536999702453613,0.1143999993801117,-0.8080000281333923
1771636681.464464,2180,2667,3072.0,3072.0,3072.0,3072.0,3072.0,3072.0,3072.0,3072.0,2599.0,2966.0,2657.0,2418.0,2446.0,2583.0,2540.0,2590.0,3072.0,3072.0,3072.0,3072.0,3072.0,3072.0,3072.0,3072.0,2446.0,2847.0,2370.0,2772.0,2641.0,2643.0,2703.0,2703.0,3049.0,3072.0,3072.0,3072.0,3072.0,3072.0,3072.0,3072.0,2653.0,2946.0,2216.0,2706.0,2695.0,2706.0,2641.0,2764.0,3058.0,3072.0,2263.0,3072.0,3072.0,3072.0,3072.0,3072.0,3034.0,3018.0,2742.0,2706.0,2641.0,2779.0,2641.0,2703.0,3054.0,3072.0,2852.0,3072.0,3072.0,3072.0,3072.0,3072.0,2376.0,3072.0,3072.0,2404.0,2492.0,2583.0,2590.0,2641.0,3069.0,3072.0,3072.0,2932.0,3072.0,2860.0,2954.0,2920.0,2856.0,3072.0,3013.0,3064.0,2580.0,2633.0,2590.0,2590.0,3072.0,3072.0,3072.0,3072.0,3072.0,3072.0,3069.0,3072.0,2641.0,3070.0,3069.0,3063.0,2633.0,2633.0,2590.0,2641.0,3072.0,3072.0,3072.0,3072.0,3072.0,3072.0,3066.0,3032.0,2547.0,2995.0,2898.0,3066.0,2130.0,2273.0,2358.0,2492.0,3072.0,3072.0,3072.0,3072.0,3072.0,3072.0,3061.0,3043.0,3072.0,3072.0,3072.0,3065.0,2695.0,2706.0,2641.0,2641.0,2718.0,3023.0,3072.0,3072.0,3072.0,3072.0,3072.0,2767.0,3072.0,3072.0,3072.0,3067.0,2641.0,2706.0,2695.0,2695.0,3072.0,3072.0,3072.0,3072.0,3072.0,3072.0,3072.0,3072.0,3072.0,3072.0,3072.0,2571.0,2590.0,2633.0,2641.0,2641.0,3072.0,3072.0,3072.0,3072.0,3072.0,3072.0,3072.0,2538.0,3072.0,3072.0,3072.0,2373.0,2481.0,2571.0,2590.0,2641.0,3072.0,2914.0,2815.0,2789.0,3072.0,3072.0,3072.0,3072.0,3072.0,3072.0,3072.0,3072.0,3072.0,3072.0,3072.0,3072.0,3072.0,3072.0,3072.0,3072.0,3072.0,3072.0,3072.0,3072.0,3072.0,3072.0,3072.0,3072.0,3072.0,2821.0,3072.0,3072.0,3072.0,3072.0,3072.0,3072.0,3072.0,3072.0,3072.0,3072.0,3072.0,3072.0,3072.0,3072.0,3072.0,3072.0,3072.0,3047.0,3072.0,3072.0,3072.0,3072.0,3072.0,3072.0,3072.0,3072.0,3072.0,3072.0,3072.0,3072.0,3072.0,3072.0,2959.0,2246.0,-0.44909998774528503,0.881600022315979,0.2393999993801117,0.4657999873161316,-0.006399999838322401,-0.3212999999523163,-0.8245000243186951,-0.46299999952316284,0.9279000163078308,0.27810001373291016,0.4657999873161316,-0.006399999838322401,-0.3212999999523163,-0.8245000243186951,-0.429500013589859,0.9133999943733215,0.2678999900817871,0.38929998874664307,0.04100000113248825,0.49549999833106995,-0.7753999829292297,-0.4196000099182129,0.9330999851226807,0.2890999913215637,0.10520000010728836,0.2126999944448471,0.37119999527931213,-0.8977000117301941,-0.4293000102043152,0.9441999793052673,0.3172999918460846,-0.14010000228881836,0.2660999894142151,0.38029998540878296,-0.8745999932289124,-0.4422999918460846,0.9442999958992004,0.33649998903274536,-0.14010000228881836,0.2660999894142151,0.38029998540878296,-0.8745999932289124,-0.44029998779296875,0.9132999777793884,0.26350000500679016,0.4657999873161316,-0.006399999838322401,-0.3212999999523163,-0.8245000243186951,-0.453900009393692,0.9603999853134155,0.2888999879360199,0.2906999886035919,-0.08980000019073486,-0.25699999928474426,-0.9172999858856201,-0.45339998602867126,0.9811000227928162,0.31790000200271606,0.2012999951839447,-0.11630000174045563,-0.27300000190734863,-0.9334999918937683,-0.45089998841285706,0.991100013256073,0.3382999897003174,0.24490000307559967,-0.07859999686479568,-0.2994999885559082,-0.9187999963760376,-0.45179998874664307,1.0020999908447266,0.3562000095844269,0.24490000307559967,-0.07859999686479568,-0.2994999885559082,-0.9187999963760376,-0.45350000262260437,0.9049000144004822,0.2646999955177307,0.4657999873161316,-0.006399999838322401,-0.3212999999523163,-0.8245000243186951,-0.4724999964237213,0.9509999752044678,0.29159998893737793,-0.01759999990463257,-0.1429000049829483,-0.319599986076355,-0.9365000128746033,-0.46129998564720154,0.9534000158309937,0.3303000032901764,-0.707099974155426,-0.3379000127315521,-0.11969999969005585,-0.6096000075340271,-0.44620001316070557,0.9330999851226807,0.32440000772476196,-0.9453999996185303,-0.29989999532699585,0.006000000052154064,-0.1273999959230423,-0.44429999589920044,0.9264000058174133,0.3019999861717224,-0.9453999996185303,-0.29989999532699585,0.006000000052154064,-0.1273999959230423,-0.4666999876499176,0.8974000215530396,0.26660001277923584,0.4657999873161316,-0.006399999838322401,-0.3212999999523163,-0.8245000243186951,-0.4828999936580658,0.9351999759674072,0.2964000105857849,-0.09279999881982803,-0.18060000240802765,-0.3628000020980835,-0.9093999862670898,-0.4684000015258789,0.9337999820709229,0.33000001311302185,-0.718999981880188,-0.4025999903678894,-0.16060000658035278,-0.5432999730110168,-0.45170000195503235,0.9175000190734863,0.32109999656677246,-0.902899980545044,-0.42170000076293945,0.03669999912381172,-0.07519999891519547,-0.45080000162124634,0.9125000238418579,0.2987000048160553,-0.902899980545044,-0.42170000076293945,0.03669999912381172,-0.07519999891519547,-0.4708000123500824,0.8917999863624573,0.2709999978542328,0.38940000534057617,0.007199999876320362,-0.546999990940094,-0.7409999966621399,-0.4894999861717224,0.9161999821662903,0.30090001225471497,-0.11249999701976776,-0.24390000104904175,-0.43320000171661377,-0.8604000210762024,-0.4745999872684479,0.9168000221252441,0.3255999982357025,-0.6836000084877014,-0.45579999685287476,-0.23010000586509705,-0.5214999914169312,-0.4595000147819519,0.9071000218391418,0.3188999891281128,-0.8410999774932861,-0.5331000089645386,0.00039999998989515007,-0.09189999848604202,-0.4564000070095062,0.9036999940872192,0.298799991607666,-0.8410999774932861,-0.5331000089645386,0.00039999998989515007,-0.09189999848604202,-0.07320000231266022,1.0078999996185303,0.28450000286102295,0.5421000123023987,0.35089999437332153,0.25589999556541443,-0.7193999886512756,-0.09059999883174896,1.0616999864578247,0.296999990940094,0.5421000123023987,0.35089999437332153,0.25589999556541443,-0.7193999886512756,-0.10849999636411667,1.0336999893188477,0.28839999437332153,0.5001000165939331,0.13740000128746033,-0.6514000296592712,-0.5539000034332275,-0.131400004029274,1.0443999767303467,0.30149999260902405,0.4311000108718872,0.044199999421834946,-0.5874999761581421,-0.6833000183105469,-0.14820000529289246,1.0602999925613403,0.3199999928474426,0.486299991607666,0.1428000032901764,-0.6597999930381775,-0.5547999739646912,-0.16590000689029694,1.0679999589920044,0.3294999897480011,0.486299991607666,0.1428000032901764,-0.6597999930381775,-0.5547999739646912,-0.0982000008225441,1.0364999771118164,0.28679999709129333,0.5421000123023987,0.35089999437332153,0.25589999556541443,-0.7193999886512756,-0.10989999771118164,1.086400032043457,0.28619998693466187,0.25760000944137573,0.36880001425743103,0.12489999830722809,-0.8842999935150146,-0.12939999997615814,1.104599952697754,0.3059000074863434,0.05920000001788139,0.3917999863624573,0.06970000267028809,-0.9154999852180481,-0.1445000022649765,1.1081000566482544,0.320499986410141,0.017899999395012856,0.3716000020503998,0.0722000002861023,-0.9254000186920166,-0.15760000050067902,1.1105999946594238,0.33489999175071716,0.017899999395012856,0.3716000020503998,0.0722000002861023,-0.9254000186920166,-0.08630000054836273,1.0358999967575073,0.2955000102519989,0.5421000123023987,0.35089999437332153,0.25589999556541443,-0.7193999886512756,-0.09480000287294388,1.087499976158142,0.2985000014305115,0.24860000610351562,0.3919999897480011,0.1670999974012375,-0.8697999715805054,-0.11729999631643295,1.1087000370025635,0.3199000060558319,-0.007400000002235174,0.4251999855041504,0.06300000101327896,-0.902899980545044,-0.13590000569820404,1.1096999645233154,0.3352999985218048,-0.12470000237226486,0.43209999799728394,0.06650000065565109,-0.8906999826431274,-0.15289999544620514,1.1069999933242798,0.34880000352859497,-0.12470000237226486,0.43209999799728394,0.06650000065565109,-0.8906999826431274,-0.07590000331401825,1.0357999801635742,0.30300000309944153,0.5421000123023987,0.35089999437332153,0.25589999556541443,-0.7193999886512756,-0.08560000360012054,1.080899953842163,0.31279999017715454,0.23680000007152557,0.4081000089645386,0.210999995470047,-0.8561000227928162,-0.10599999874830246,1.100600004196167,0.33169999718666077,-0.013799999840557575,0.4634999930858612,0.12690000236034393,-0.8769000172615051,-0.125,1.1028000116348267,0.3449000120162964,-0.15700000524520874,0.5034999847412109,0.061400000005960464,-0.8474000096321106,-0.1436000019311905,1.0996999740600586,0.35499998927116394,-0.15700000524520874,0.5034999847412109,0.061400000005960464,-0.8474000096321106,-0.07360000163316727,1.0343999862670898,0.3100999891757965,0.40299999713897705,0.35569998621940613,0.46630001068115234,-0.7026000022888184,-0.07859999686479568,1.0702999830245972,0.3269999921321869,0.1761000007390976,0.47130000591278076,0.2433999925851822,-0.829200029373169,-0.09730000048875809,1.0843000411987305,0.3402999937534332,-0.06669999659061432,0.49939998984336853,0.17550000548362732,-0.84579998254776,-0.11270000040531158,1.0853999853134155,0.3490000069141388,-0.1518000066280365,0.5565999746322632,0.12049999833106995,-0.8077999949455261,-0.1307000070810318,1.0844000577926636,0.3555999994277954,-0.1518000066280365,0.5565999746322632,0.12049999833106995,-0.8077999949455261
1771636681.497333,2223,2663,3072.0,3072.0,3072.0,3072.0,3072.0,3072.0,3072.0,3072.0,2599.0,2955.0,2669.0,2483.0,2446.0,2583.0,2540.0,2590.0,3072.0,3072.0,3072.0,3072.0,3072.0,3072.0,3072.0,3072.0,2503.0,2856.0,2417.0,2772.0,2641.0,2643.0,2641.0,2641.0,3038.0,3072.0,3072.0,3072.0,3072.0,3072.0,3072.0,3072.0,2653.0,2922.0,2164.0,2706.0,2695.0,2706.0,2641.0,2641.0,3058.0,3072.0,2263.0,3072.0,3072.0,3072.0,3072.0,3072.0,3034.0,3018.0,2742.0,2706.0,2641.0,2779.0,2641.0,2703.0,3058.0,3072.0,2962.0,3072.0,3072.0,3072.0,3072.0,3072.0,2376.0,3072.0,3072.0,2470.0,2492.0,2583.0,2590.0,2641.0,3067.0,3072.0,3072.0,2932.0,3067.0,2860.0,2902.0,2913.0,2856.0,3072.0,3014.0,3064.0,2641.0,2706.0,2590.0,2590.0,3072.0,3072.0,3072.0,3072.0,3072.0,3072.0,3069.0,3072.0,2580.0,3070.0,3069.0,3063.0,2633.0,2706.0,2650.0,2703.0,3072.0,3072.0,3072.0,3072.0,3072.0,3072.0,3067.0,3042.0,2397.0,2980.0,2902.0,3066.0,2130.0,2273.0,2358.0,2492.0,3072.0,3072.0,3072.0,3072.0,3072.0,3072.0,3060.0,3046.0,3072.0,3072.0,3072.0,3068.0,2695.0,2706.0,2641.0,2641.0,2752.0,3002.0,3036.0,3072.0,3072.0,3022.0,3072.0,2790.0,3072.0,3072.0,3072.0,3064.0,2641.0,2706.0,2695.0,2695.0,3072.0,3072.0,3072.0,3072.0,3072.0,3072.0,3072.0,3072.0,3072.0,3072.0,3072.0,2571.0,2590.0,2706.0,2641.0,2641.0,3072.0,3072.0,3072.0,3072.0,3072.0,3072.0,3072.0,2615.0,3072.0,3072.0,3072.0,2373.0,2481.0,2571.0,2590.0,2641.0,3072.0,2891.0,2728.0,2762.0,3072.0,3072.0,3072.0,3072.0,3072.0,3072.0,3072.0,3072.0,3072.0,3072.0,3072.0,3072.0,3072.0,3072.0,3072.0,3072.0,3072.0,3072.0,3072.0,3072.0,3072.0,3072.0,3072.0,3072.0,3072.0,2931.0,3072.0,3072.0,3072.0,3072.0,3072.0,3072.0,3072.0,3072.0,3072.0,3072.0,3072.0,3072.0,3072.0,3072.0,3072.0,3072.0,3072.0,2738.0,3072.0,3072.0,3072.0,3072.0,3072.0,3072.0,3072.0,3072.0,3072.0,3072.0,3072.0,3072.0,3072.0,3017.0,2927.0,2126.0,-0.4474000036716461,0.8917999863624573,0.24639999866485596,0.4205999970436096,-0.0008999999845400453,-0.2944999933242798,-0.8580999970436096,-0.45890000462532043,0.9348000288009644,0.29030001163482666,0.4205999970436096,-0.0008999999845400453,-0.2944999933242798,-0.8580999970436096,-0.42590001225471497,0.9193999767303467,0.2786000072956085,0.34360000491142273,0.0005000000237487257,0.5235999822616577,-0.7796000242233276,-0.4147999882698059,0.9358999729156494,0.3021000027656555,0.060600001364946365,0.18809999525547028,0.41339999437332153,-0.8888999819755554,-0.4239000082015991,0.9442999958992004,0.33169999718666077,-0.1678999960422516,0.24220000207424164,0.429500013589859,-0.853600025177002,-0.436599999666214,0.9435999989509583,0.3513000011444092,-0.1678999960422516,0.24220000207424164,0.429500013589859,-0.853600025177002,-0.4366999864578247,0.9203000068664551,0.27410000562667847,0.4205999970436096,-0.0008999999845400453,-0.2944999933242798,-0.8580999970436096,-0.44780001044273376,0.9656000137329102,0.30469998717308044,0.23090000450611115,-0.08449999988079071,-0.23109999299049377,-0.9412999749183655,-0.44589999318122864,0.982699990272522,0.33629998564720154,0.13459999859333038,-0.10830000042915344,-0.24740000069141388,-0.9534000158309937,-0.44269999861717224,0.989799976348877,0.3580000102519989,0.17820000648498535,-0.07109999656677246,-0.2718999981880188,-0.9430000185966492,-0.44269999861717224,0.9983999729156494,0.3774999976158142,0.17820000648498535,-0.07109999656677246,-0.2718999981880188,-0.9430000185966492,-0.4505999982357025,0.9125999808311462,0.2743000090122223,0.4205999970436096,-0.0008999999845400453,-0.2944999933242798,-0.8580999970436096,-0.46720001101493835,0.957099974155426,0.30640000104904175,-0.07000000029802322,-0.1216999962925911,-0.29820001125335693,-0.944100022315979,-0.4560999870300293,0.9545999765396118,0.34549999237060547,-0.7461000084877014,-0.3068000078201294,-0.12219999730587006,-0.5781999826431274,-0.44200000166893005,0.9340000152587891,0.3375999927520752,-0.9591000080108643,-0.27090001106262207,-0.010700000450015068,-0.0812000036239624,-0.44020000100135803,0.9294000267982483,0.31439998745918274,-0.9591000080108643,-0.27090001106262207,-0.010700000450015068,-0.0812000036239624,-0.4643999934196472,0.9057999849319458,0.2754000127315521,0.4205999970436096,-0.0008999999845400453,-0.2944999933242798,-0.8580999970436096,-0.47870001196861267,0.9412999749183655,0.3093999922275543,-0.14730000495910645,-0.15559999644756317,-0.3440000116825104,-0.9142000079154968,-0.4643999934196472,0.9352999925613403,0.34299999475479126,-0.7565000057220459,-0.36880001425743103,-0.16899999976158142,-0.5128999948501587,-0.44839999079704285,0.9189000129699707,0.33250001072883606,-0.9179999828338623,-0.3952000141143799,0.01209999993443489,-0.02969999983906746,-0.4474000036716461,0.9161999821662903,0.3095000088214874,-0.9179999828338623,-0.3952000141143799,0.01209999993443489,-0.02969999983906746,-0.46889999508857727,0.8999000191688538,0.2791999876499176,0.3499000072479248,0.02710000053048134,-0.5217999815940857,-0.7774999737739563,-0.48649999499320984,0.9222999811172485,0.3118000030517578,-0.1665000021457672,-0.2143000066280365,-0.4196000099182129,-0.8661999702453613,-0.4715999960899353,0.9190999865531921,0.3366999924182892,-0.7245000004768372,-0.420199990272522,-0.2401999980211258,-0.49070000648498535,-0.4569000005722046,0.9093000292778015,0.328900009393692,-0.86080002784729,-0.5059999823570251,-0.02810000069439411,-0.04659999907016754,-0.4537999927997589,0.9078999757766724,0.3084000051021576,-0.86080002784729,-0.5059999823570251,-0.02810000069439411,-0.04659999907016754,-0.07289999723434448,1.007699966430664,0.28450000286102295,0.534600019454956,0.3547999858856201,0.25850000977516174,-0.722100019454956,-0.09070000052452087,1.0608999729156494,0.29750001430511475,0.534600019454956,0.3547999858856201,0.25850000977516174,-0.722100019454956,-0.10819999873638153,1.0331000089645386,0.28839999437332153,0.49810001254081726,0.1462000012397766,-0.6504999995231628,-0.5544999837875366,-0.13109999895095825,1.0433000326156616,0.30140000581741333,0.4318999946117401,0.0560000017285347,-0.5875999927520752,-0.6819999814033508,-0.14830000698566437,1.0586999654769897,0.319599986076355,0.4878999888896942,0.1543000042438507,-0.6579999923706055,-0.5523999929428101,-0.16609999537467957,1.066100001335144,0.328900009393692,0.4878999888896942,0.1543000042438507,-0.6579999923706055,-0.5523999929428101,-0.09799999743700027,1.0358999967575073,0.28690001368522644,0.534600019454956,0.3547999858856201,0.25850000977516174,-0.722100019454956,-0.10999999940395355,1.0853999853134155,0.28679999709129333,0.26260000467300415,0.37299999594688416,0.12960000336170197,-0.8804000020027161,-0.12939999997615814,1.1038999557495117,0.3061000108718872,0.053300000727176666,0.39800000190734863,0.0681999996304512,-0.9132999777793884,-0.1446000039577484,1.107100009918213,0.3203999996185303,0.004399999976158142,0.3781999945640564,0.06700000166893005,-0.92330002784729,-0.15790000557899475,1.1090999841690063,0.3345000147819519,0.004399999976158142,0.3781999945640564,0.06700000166893005,-0.92330002784729,-0.08630000054836273,1.0353000164031982,0.2957000136375427,0.534600019454956,0.3547999858856201,0.25850000977516174,-0.722100019454956,-0.09510000050067902,1.0865000486373901,0.2992999851703644,0.2533999979496002,0.3955000042915344,0.17139999568462372,-0.8659999966621399,-0.11749999970197678,1.1079000234603882,0.32010000944137573,-0.007899999618530273,0.4302000105381012,0.0632999986410141,-0.9004999995231628,-0.13600000739097595,1.1088999509811401,0.3352000117301941,-0.1256999969482422,0.43709999322891235,0.0658000037074089,-0.8881000280380249,-0.15309999883174896,1.1061999797821045,0.3483999967575073,-0.1256999969482422,0.43709999322891235,0.0658000037074089,-0.8881000280380249,-0.07599999755620956,1.035099983215332,0.30320000648498535,0.534600019454956,0.3547999858856201,0.25850000977516174,-0.722100019454956,-0.08609999716281891,1.079800009727478,0.313400000333786,0.24199999868869781,0.41029998660087585,0.21619999408721924,-0.8522999882698059,-0.10620000213384628,1.0997999906539917,0.3319000005722046,-0.011900000274181366,0.46779999136924744,0.1290999948978424,-0.8743000030517578,-0.12520000338554382,1.1021000146865845,0.3449000120162964,-0.15479999780654907,0.5080999732017517,0.06270000338554382,-0.8450000286102295,-0.1437000036239624,1.0992000102996826,0.3547999858856201,-0.15479999780654907,0.5080999732017517,0.06270000338554382,-0.8450000286102295,-0.0737999975681305,1.0336999893188477,0.31029999256134033,0.3946000039577484,0.35749998688697815,0.4683000147342682,-0.7050999999046326,-0.07919999957084656,1.069100022315979,0.32749998569488525,0.1843000054359436,0.4724000096321106,0.24940000474452972,-0.824999988079071,-0.09749999642372131,1.0835000276565552,0.34049999713897705,-0.05820000171661377,0.5024999976158142,0.1808999925851822,-0.8434000015258789,-0.1128000020980835,1.0850000381469727,0.3490999937057495,-0.14300000667572021,0.5602999925613403,0.125,-0.8062000274658203,-0.13079999387264252,1.0843000411987305,0.3555999994277954,-0.14300000667572021,0.5602999925613403,0.125,-0.8062000274658203
1771636681.53353,2264,2697,3072.0,3072.0,3072.0,3072.0,3072.0,3072.0,3072.0,3072.0,2540.0,3005.0,2714.0,2418.0,2446.0,2583.0,2658.0,2590.0,3072.0,3072.0,3072.0,3072.0,3072.0,3072.0,3072.0,3072.0,2446.0,2886.0,2492.0,2772.0,2641.0,2643.0,2641.0,2641.0,3038.0,3072.0,3072.0,3072.0,3072.0,3072.0,3072.0,3072.0,2653.0,2922.0,2164.0,2706.0,2695.0,2706.0,2641.0,2641.0,3065.0,3072.0,2182.0,3072.0,3072.0,3072.0,3072.0,3072.0,3009.0,3000.0,2602.0,2706.0,2641.0,2779.0,2641.0,2703.0,3072.0,3072.0,2742.0,3072.0,3072.0,3072.0,3072.0,3072.0,2434.0,3072.0,3072.0,2470.0,2492.0,2583.0,2590.0,2703.0,3067.0,3065.0,3072.0,2888.0,3072.0,3072.0,2913.0,2933.0,2856.0,3072.0,3038.0,3064.0,2641.0,2706.0,2650.0,2710.0,3072.0,3072.0,3072.0,3072.0,3072.0,3072.0,3070.0,3072.0,2641.0,3070.0,3069.0,3063.0,2695.0,2706.0,2650.0,2703.0,3072.0,3072.0,3072.0,3072.0,3072.0,3072.0,3064.0,3038.0,2172.0,2948.0,2920.0,3066.0,2130.0,2273.0,2413.0,2550.0,3072.0,3072.0,3072.0,3072.0,3072.0,3072.0,3060.0,3046.0,3072.0,3072.0,3072.0,3066.0,2695.0,2706.0,2641.0,2703.0,2873.0,2992.0,3021.0,3072.0,3072.0,3072.0,3072.0,2787.0,3072.0,3072.0,3072.0,3066.0,2641.0,2706.0,2695.0,2695.0,3072.0,3072.0,3072.0,3072.0,3072.0,3072.0,3072.0,3072.0,3072.0,3072.0,3048.0,2571.0,2590.0,2779.0,2641.0,2641.0,3072.0,3072.0,3072.0,3072.0,3072.0,3072.0,3072.0,2683.0,3072.0,3072.0,3072.0,2373.0,2481.0,2571.0,2590.0,2641.0,3072.0,2857.0,2712.0,2817.0,3072.0,3072.0,3072.0,3072.0,3072.0,3072.0,3072.0,3072.0,3072.0,3072.0,3072.0,3072.0,3072.0,3072.0,3072.0,3072.0,3072.0,3072.0,3072.0,3072.0,3072.0,3072.0,3072.0,3072.0,3072.0,2981.0,3072.0,3072.0,3072.0,3072.0,3072.0,3072.0,3072.0,3072.0,3072.0,3072.0,3072.0,3072.0,3072.0,3072.0,3072.0,3072.0,3072.0,2967.0,3072.0,3072.0,3072.0,3072.0,3072.0,3072.0,3072.0,3072.0,3072.0,3072.0,3072.0,3072.0,3072.0,3027.0,2847.0,2307.0,-0.4408999979496002,0.9038000106811523,0.2619999945163727,0.3837999999523163,0.011900000274181366,-0.26080000400543213,-0.885699987411499,-0.4514000117778778,0.944100022315979,0.31060001254081726,0.3837999999523163,0.011900000274181366,-0.26080000400543213,-0.885699987411499,-0.41830000281333923,0.927299976348877,0.2980000078678131,0.29750001430511475,-0.026200000196695328,0.5533999800682068,-0.7775999903678894,-0.4065999984741211,0.9409999847412109,0.3239000141620636,0.02459999918937683,0.1737000048160553,0.45339998602867126,-0.8738999962806702,-0.41589999198913574,0.9476000070571899,0.3546999990940094,-0.18050000071525574,0.2231999933719635,0.47620001435279846,-0.8312000036239624,-0.4284000098705292,0.9465000033378601,0.375,-0.18050000071525574,0.2231999933719635,0.47620001435279846,-0.8312000036239624,-0.4291999936103821,0.9294000267982483,0.29330000281333923,0.3837999999523163,0.011900000274181366,-0.26080000400543213,-0.885699987411499,-0.43860000371932983,0.9732999801635742,0.32850000262260437,0.18950000405311584,-0.06870000064373016,-0.2004999965429306,-0.9587000012397766,-0.436599999666214,0.9876999855041504,0.36230000853538513,0.08579999953508377,-0.08990000188350677,-0.21819999814033508,-0.9679999947547913,-0.4332999885082245,0.9925000071525574,0.38519999384880066,0.12620000541210175,-0.0544000007212162,-0.2401999980211258,-0.9609000086784363,-0.43309998512268066,0.9991000294685364,0.4059000015258789,0.12620000541210175,-0.0544000007212162,-0.2401999980211258,-0.9609000086784363,-0.4438000023365021,0.9225000143051147,0.2924000024795532,0.3837999999523163,0.011900000274181366,-0.26080000400543213,-0.885699987411499,-0.45890000462532043,0.9656999707221985,0.328900009393692,-0.11060000211000443,-0.09149999916553497,-0.27399998903274536,-0.9509000182151794,-0.44920000433921814,0.9589999914169312,0.36880001425743103,-0.7699999809265137,-0.2662999927997589,-0.13259999454021454,-0.5644999742507935,-0.43560001254081726,0.9376999735832214,0.36010000109672546,-0.9682999849319458,-0.23960000276565552,-0.04019999876618385,-0.05779999867081642,-0.4327999949455261,0.9343000054359436,0.3361999988555908,-0.9682999849319458,-0.23960000276565552,-0.04019999876618385,-0.05779999867081642,-0.45829999446868896,0.9162999987602234,0.2924000024795532,0.3837999999523163,0.011900000274181366,-0.26080000400543213,-0.885699987411499,-0.4717999994754791,0.9502000212669373,0.33009999990463257,-0.1859000027179718,-0.12039999663829803,-0.3239000141620636,-0.9197999835014343,-0.45879998803138733,0.9401999711990356,0.36419999599456787,-0.7817000150680542,-0.32679998874664307,-0.1843000054359436,-0.498199999332428,-0.4429999887943268,0.9232000112533569,0.3529999852180481,-0.9302999973297119,-0.3662000000476837,-0.022700000554323196,-0.003800000064074993,-0.44110000133514404,0.9221000075340271,0.3294000029563904,-0.9302999973297119,-0.3662000000476837,-0.022700000554323196,-0.003800000064074993,-0.4634000062942505,0.9103000164031982,0.2955999970436096,0.32120001316070557,0.051600001752376556,-0.48989999294281006,-0.8087999820709229,-0.4810999929904938,0.9311000108718872,0.3305000066757202,-0.20319999754428864,-0.17430000007152557,-0.4049000144004822,-0.8743000030517578,-0.46709999442100525,0.9247000217437744,0.3560999929904938,-0.7524999976158142,-0.37709999084472656,-0.2574999928474426,-0.4745999872684479,-0.45239999890327454,0.9144999980926514,0.34790000319480896,-0.8762999773025513,-0.4767000079154968,-0.0658000037074089,-0.020800000056624413,-0.44839999079704285,0.9146000146865845,0.32690000534057617,-0.8762999773025513,-0.4767000079154968,-0.0658000037074089,-0.020800000056624413,-0.07249999791383743,1.0074000358581543,0.28450000286102295,0.5282999873161316,0.35690000653266907,0.26030001044273376,-0.7250999808311462,-0.09030000120401382,1.059499979019165,0.2978000044822693,0.5282999873161316,0.35690000653266907,0.26030001044273376,-0.7250999808311462,-0.10740000009536743,1.032099962234497,0.28839999437332153,0.4948999881744385,0.15309999883174896,-0.6503999829292297,-0.5554999709129333,-0.12999999523162842,1.0419000387191772,0.3012999892234802,0.4293000102043152,0.06360000371932983,-0.5884000062942505,-0.682200014591217,-0.14720000326633453,1.0565999746322632,0.31940001249313354,0.48570001125335693,0.16200000047683716,-0.6575999855995178,-0.5526999831199646,-0.1648000031709671,1.0636999607086182,0.32839998602867126,0.48570001125335693,0.16200000047683716,-0.6575999855995178,-0.5526999831199646,-0.09730000048875809,1.034999966621399,0.2870999872684479,0.5282999873161316,0.35690000653266907,0.26030001044273376,-0.7250999808311462,-0.10939999669790268,1.0836999416351318,0.2874999940395355,0.2655999958515167,0.3765000104904175,0.13169999420642853,-0.8776999711990356,-0.12860000133514404,1.1019999980926514,0.3061999976634979,0.05299999937415123,0.40220001339912415,0.06780000030994415,-0.9114999771118164,-0.1437000036239624,1.1052000522613525,0.32010000944137573,0.0003000000142492354,0.38269999623298645,0.06480000168085098,-0.9215999841690063,-0.15690000355243683,1.1069999933242798,0.33390000462532043,0.0003000000142492354,0.38269999623298645,0.06480000168085098,-0.9215999841690063,-0.08579999953508377,1.0342999696731567,0.2957000136375427,0.5282999873161316,0.35690000653266907,0.26030001044273376,-0.7250999808311462,-0.09489999711513519,1.0845999717712402,0.29989999532699585,0.2565000057220459,0.39750000834465027,0.17470000684261322,-0.8634999990463257,-0.11680000275373459,1.1059999465942383,0.32019999623298645,-0.010400000028312206,0.4334999918937683,0.06289999932050705,-0.8988999724388123,-0.13519999384880066,1.1067999601364136,0.33489999175071716,-0.12880000472068787,0.44020000100135803,0.06480000168085098,-0.8862000107765198,-0.15209999680519104,1.104099988937378,0.34769999980926514,-0.12880000472068787,0.44020000100135803,0.06480000168085098,-0.8862000107765198,-0.07569999992847443,1.03410005569458,0.30320000648498535,0.5282999873161316,0.35690000653266907,0.26030001044273376,-0.7250999808311462,-0.0860000029206276,1.0779000520706177,0.31380000710487366,0.24160000681877136,0.41200000047683716,0.21860000491142273,-0.8508999943733215,-0.10589999705553055,1.097599983215332,0.3319000005722046,-0.017400000244379044,0.4708999991416931,0.12809999287128448,-0.8726999759674072,-0.12460000067949295,1.0996999740600586,0.34459999203681946,-0.16009999811649323,0.5108000040054321,0.061400000005960464,-0.8424000144004822,-0.14300000667572021,1.09660005569458,0.35409998893737793,-0.16009999811649323,0.5108000040054321,0.061400000005960464,-0.8424000144004822,-0.07360000163316727,1.0326999425888062,0.3102000057697296,0.38769999146461487,0.3578999936580658,0.46970000863075256,-0.7077999711036682,-0.07919999957084656,1.067199945449829,0.32749998569488525,0.18449999392032623,0.4740000069141388,0.2513999938964844,-0.8234000205993652,-0.09730000048875809,1.0815000534057617,0.3402000069618225,-0.05810000002384186,0.5047000050544739,0.18209999799728394,-0.8417999744415283,-0.11240000277757645,1.0829999446868896,0.34860000014305115,-0.1428000032901764,0.5625,0.125900000333786,-0.8046000003814697,-0.13009999692440033,1.0823999643325806,0.35499998927116394,-0.1428000032901764,0.5625,0.125900000333786,-0.8046000003814697
1771636681.586144,2306,2725,3072.0,3072.0,3072.0,3072.0,3072.0,3072.0,3072.0,3072.0,2599.0,2984.0,2738.0,2418.0,2446.0,2583.0,2540.0,2590.0,3072.0,3072.0,3072.0,3072.0,3072.0,3072.0,3072.0,3072.0,2503.0,2855.0,2557.0,2697.0,2641.0,2643.0,2641.0,2641.0,3038.0,3072.0,3072.0,3072.0,3072.0,3072.0,3072.0,3072.0,2653.0,2922.0,2294.0,2706.0,2695.0,2706.0,2641.0,2641.0,3047.0,3048.0,2263.0,3072.0,3072.0,3072.0,3072.0,3072.0,3034.0,3000.0,2654.0,2706.0,2641.0,2706.0,2641.0,2703.0,3049.0,3072.0,2852.0,3072.0,3072.0,3072.0,3072.0,3072.0,2434.0,3072.0,3072.0,2537.0,2492.0,2583.0,2590.0,2641.0,3064.0,3065.0,3072.0,2939.0,3072.0,2966.0,2922.0,2845.0,2856.0,3072.0,3035.0,3067.0,2641.0,2706.0,2590.0,2590.0,3072.0,3072.0,3072.0,3072.0,3072.0,3072.0,3070.0,3072.0,2641.0,3070.0,3069.0,3063.0,2633.0,2706.0,2590.0,2641.0,3072.0,3072.0,3072.0,3072.0,3072.0,3072.0,3065.0,3035.0,2397.0,2987.0,2905.0,3066.0,2130.0,2334.0,2358.0,2492.0,3072.0,3072.0,3072.0,3072.0,3072.0,3072.0,3059.0,3046.0,3072.0,3072.0,3072.0,3065.0,2695.0,2706.0,2580.0,2703.0,2748.0,2993.0,3072.0,3072.0,3072.0,3019.0,3072.0,2801.0,3072.0,3072.0,3072.0,3066.0,2703.0,2779.0,2758.0,2758.0,3072.0,3072.0,3072.0,3072.0,3072.0,3072.0,3072.0,3060.0,3072.0,3072.0,3054.0,2571.0,2590.0,2706.0,2641.0,2641.0,3072.0,3072.0,3072.0,3072.0,3072.0,3072.0,3072.0,2599.0,3072.0,3072.0,3072.0,2373.0,2481.0,2571.0,2590.0,2641.0,3072.0,2923.0,2563.0,2707.0,3072.0,3072.0,3072.0,3072.0,3072.0,3072.0,3072.0,3072.0,3072.0,3072.0,3072.0,3072.0,3072.0,3072.0,3072.0,3072.0,3072.0,3072.0,3072.0,3072.0,3072.0,3072.0,3072.0,3072.0,3072.0,2881.0,3072.0,3072.0,3072.0,3072.0,3072.0,3072.0,3072.0,3072.0,3072.0,3072.0,3072.0,3072.0,3072.0,3072.0,3072.0,3072.0,3072.0,2950.0,3072.0,3072.0,3072.0,3072.0,3072.0,3072.0,3072.0,3072.0,3072.0,3072.0,3072.0,3072.0,3072.0,2956.0,2744.0,2361.0,-0.43650001287460327,0.9132999777793884,0.2840999960899353,0.357699990272522,0.019099999219179153,-0.21449999511241913,-0.9086999893188477,-0.44519999623298645,0.9513999819755554,0.33550000190734863,0.357699990272522,0.019099999219179153,-0.21449999511241913,-0.9086999893188477,-0.4129999876022339,0.9323999881744385,0.32269999384880066,0.2572000026702881,-0.04839999973773956,0.5921000242233276,-0.7621999979019165,-0.4009999930858612,0.9430999755859375,0.35019999742507935,0.007499999832361937,0.16009999811649323,0.5019000172615051,-0.8500000238418579,-0.4097000062465668,0.9488000273704529,0.3815999925136566,-0.16949999332427979,0.20250000059604645,0.5321999788284302,-0.8044000267982483,-0.4214000105857849,0.9484000205993652,0.4027000069618225,-0.16949999332427979,0.20250000059604645,0.5321999788284302,-0.8044000267982483,-0.4235999882221222,0.9358000159263611,0.31769999861717224,0.357699990272522,0.019099999219179153,-0.21449999511241913,-0.9086999893188477,-0.43050000071525574,0.9782999753952026,0.35600000619888306,0.15790000557899475,-0.05609999969601631,-0.155799999833107,-0.9735000133514404,-0.42829999327659607,0.9904000163078308,0.3910999894142151,0.050599999725818634,-0.0723000019788742,-0.17509999871253967,-0.9805999994277954,-0.4253999888896942,0.993399977684021,0.41449999809265137,0.08449999988079071,-0.039799999445676804,-0.19499999284744263,-0.9763000011444092,-0.42500001192092896,0.9980999827384949,0.4359999895095825,0.08449999988079071,-0.039799999445676804,-0.19499999284744263,-0.9763000011444092,-0.43880000710487366,0.9301999807357788,0.3158999979496002,0.357699990272522,0.019099999219179153,-0.21449999511241913,-0.9086999893188477,-0.45170000195503235,0.9725000262260437,0.35519999265670776,-0.14139999449253082,-0.061799999326467514,-0.23559999465942383,-0.9595000147819519,-0.4438999891281128,0.9623000025749207,0.3953000009059906,-0.782800018787384,-0.2143000066280365,-0.13379999995231628,-0.5685999989509583,-0.43160000443458557,0.9398000240325928,0.38670000433921814,-0.9767000079154968,-0.19519999623298645,-0.06920000165700912,-0.056699998676776886,-0.4275999963283539,0.9366000294685364,0.3628000020980835,-0.9767000079154968,-0.19519999623298645,-0.06920000165700912,-0.056699998676776886,-0.45399999618530273,0.9254000186920166,0.3149999976158142,0.357699990272522,0.019099999219179153,-0.21449999511241913,-0.9086999893188477,-0.4659999907016754,0.9580000042915344,0.35499998927116394,-0.21549999713897705,-0.08529999852180481,-0.2897000014781952,-0.928600013256073,-0.45509999990463257,0.944599986076355,0.38909998536109924,-0.8040000200271606,-0.27549999952316284,-0.1882999986410141,-0.49219998717308044,-0.44020000100135803,0.9266999959945679,0.3774999976158142,-0.944599986076355,-0.3237000107765198,-0.05290000140666962,0.012600000016391277,-0.43720000982284546,0.9265999794006348,0.3537999987602234,-0.944599986076355,-0.3237000107765198,-0.05290000140666962,0.012600000016391277,-0.45980000495910645,0.9196000099182129,0.31769999861717224,0.3034000098705292,0.06800000369548798,-0.446399986743927,-0.8391000032424927,-0.47699999809265137,0.9397000074386597,0.3537999987602234,-0.23199999332427979,-0.13529999554157257,-0.3756999969482422,-0.8870000243186951,-0.4645000100135803,0.9302999973297119,0.37950000166893005,-0.7777000069618225,-0.32580000162124634,-0.2635999917984009,-0.46860000491142273,-0.450300008058548,0.9192000031471252,0.3711000084877014,-0.8949999809265137,-0.4350999891757965,-0.09769999980926514,-0.005100000184029341,-0.44530001282691956,0.9203000068664551,0.35019999742507935,-0.8949999809265137,-0.4350999891757965,-0.09769999980926514,-0.005100000184029341,-0.07249999791383743,1.007200002670288,0.28439998626708984,0.5266000032424927,0.3560999929904938,0.2603999972343445,-0.7267000079154968,-0.09030000120401382,1.058899998664856,0.29789999127388,0.5266000032424927,0.3560999929904938,0.2603999972343445,-0.7267000079154968,-0.10719999670982361,1.0317000150680542,0.28850001096725464,0.492000013589859,0.15520000457763672,-0.6516000032424927,-0.5561000108718872,-0.1298000067472458,1.041200041770935,0.30140000581741333,0.4275999963283539,0.06639999896287918,-0.5898000001907349,-0.6818000078201294,-0.1468999981880188,1.055799961090088,0.31940001249313354,0.48420000076293945,0.16509999334812164,-0.65829998254776,-0.5522000193595886,-0.16449999809265137,1.062600016593933,0.32839998602867126,0.48420000076293945,0.16509999334812164,-0.65829998254776,-0.5522000193595886,-0.09719999879598618,1.034600019454956,0.2870999872684479,0.5266000032424927,0.3560999929904938,0.2603999972343445,-0.7267000079154968,-0.10930000245571136,1.0829999446868896,0.28780001401901245,0.27230000495910645,0.37709999084472656,0.13230000436306,-0.8752999901771545,-0.1282999962568283,1.1016000509262085,0.3061000108718872,0.05739999935030937,0.4032999873161316,0.06710000336170197,-0.9107999801635742,-0.14329999685287476,1.1049000024795532,0.3199000060558319,0.0026000000070780516,0.3840000033378601,0.06310000270605087,-0.9211999773979187,-0.15649999678134918,1.1066999435424805,0.3334999978542328,0.0026000000070780516,0.3840000033378601,0.06310000270605087,-0.9211999773979187,-0.08579999953508377,1.0338000059127808,0.2957000136375427,0.5266000032424927,0.3560999929904938,0.2603999972343445,-0.7267000079154968,-0.09480000287294388,1.083899974822998,0.3000999987125397,0.2614000141620636,0.3968000113964081,0.1762000024318695,-0.8621000051498413,-0.11640000343322754,1.1054999828338623,0.32010000944137573,-0.012000000104308128,0.43380001187324524,0.06129999831318855,-0.8988000154495239,-0.1348000019788742,1.1061999797821045,0.33469998836517334,-0.13179999589920044,0.44029998779296875,0.06270000338554382,-0.8859000205993652,-0.15150000154972076,1.1032999753952026,0.3474999964237213,-0.13179999589920044,0.44029998779296875,0.06270000338554382,-0.8859000205993652,-0.07580000162124634,1.0336999893188477,0.30309998989105225,0.5266000032424927,0.3560999929904938,0.2603999972343445,-0.7267000079154968,-0.0860000029206276,1.0771000385284424,0.31380000710487366,0.24459999799728394,0.4108000099658966,0.22010000050067902,-0.8503000140190125,-0.10559999942779541,1.097000002861023,0.33180001378059387,-0.020600000396370888,0.47110000252723694,0.1265999972820282,-0.8726999759674072,-0.12430000305175781,1.0987999439239502,0.34439998865127563,-0.16359999775886536,0.5108000040054321,0.05990000069141388,-0.8417999744415283,-0.14249999821186066,1.0956000089645386,0.3537999987602234,-0.16359999775886536,0.5108000040054321,0.05990000069141388,-0.8417999744415283,-0.07360000163316727,1.0321999788284302,0.3100999891757965,0.3862000107765198,0.3564999997615814,0.4699000120162964,-0.7092000246047974,-0.07919999957084656,1.066499948501587,0.32739999890327454,0.18790000677108765,0.47269999980926514,0.2529999911785126,-0.8230000138282776,-0.09700000286102295,1.0808000564575195,0.3400999903678894,-0.055399999022483826,0.5041999816894531,0.18369999527931213,-0.8420000076293945,-0.11209999769926071,1.0823999643325806,0.34850001335144043,-0.14010000228881836,0.5620999932289124,0.1273999959230423,-0.8051000237464905,-0.12960000336170197,1.0819000005722046,0.3547999858856201,-0.14010000228881836,0.5620999932289124,0.1273999959230423,-0.8051000237464905
1771636681.616766,2347,2727,3072.0,3072.0,3072.0,3072.0,3072.0,3072.0,3072.0,3072.0,2599.0,2998.0,2805.0,2418.0,2446.0,2583.0,2599.0,2650.0,3072.0,3072.0,3072.0,3072.0,3072.0,3072.0,3072.0,3072.0,2446.0,2875.0,2466.0,2697.0,2641.0,2643.0,2641.0,2703.0,3038.0,3072.0,3072.0,3072.0,3072.0,3072.0,3072.0,3072.0,2653.0,2978.0,2244.0,2706.0,2695.0,2706.0,2641.0,2641.0,3056.0,3072.0,2344.0,3072.0,3072.0,3072.0,3072.0,3072.0,3047.0,3014.0,2654.0,2706.0,2641.0,2706.0,2641.0,2641.0,3060.0,3072.0,2962.0,3072.0,3072.0,3072.0,3072.0,3072.0,2434.0,3072.0,3072.0,2537.0,2492.0,2583.0,2590.0,2641.0,3067.0,3065.0,3072.0,2902.0,3072.0,2648.0,2928.0,2829.0,2872.0,3072.0,3022.0,3063.0,2641.0,2633.0,2590.0,2590.0,3072.0,3072.0,3072.0,3072.0,3072.0,3072.0,3070.0,3072.0,2641.0,3072.0,3069.0,3063.0,2633.0,2706.0,2590.0,2641.0,3072.0,3072.0,3072.0,3072.0,3072.0,3072.0,3066.0,3037.0,2397.0,2987.0,2905.0,3066.0,2130.0,2334.0,2358.0,2492.0,3072.0,3072.0,3072.0,3072.0,3072.0,3072.0,3059.0,3046.0,3072.0,3072.0,3072.0,3066.0,2695.0,2706.0,2703.0,2641.0,2695.0,3014.0,3072.0,3072.0,3072.0,3024.0,3072.0,2765.0,3072.0,3072.0,3072.0,3064.0,2641.0,2706.0,2695.0,2695.0,3072.0,3072.0,3072.0,3072.0,3072.0,3072.0,3072.0,3044.0,3072.0,3072.0,3072.0,2571.0,2590.0,2706.0,2641.0,2641.0,3072.0,3072.0,3072.0,3072.0,3072.0,3072.0,3072.0,2578.0,3072.0,3072.0,3072.0,2373.0,2481.0,2571.0,2590.0,2641.0,3072.0,2789.0,2747.0,2779.0,3072.0,3072.0,3072.0,3072.0,3072.0,3072.0,3072.0,3072.0,3072.0,3072.0,3072.0,3072.0,3072.0,3072.0,3072.0,3072.0,3072.0,3072.0,3072.0,3072.0,3072.0,3072.0,3072.0,3072.0,3072.0,2935.0,3072.0,3072.0,3072.0,3072.0,3072.0,3072.0,3072.0,3072.0,3072.0,3072.0,3072.0,3072.0,3072.0,3072.0,3072.0,3072.0,3072.0,2958.0,3072.0,3072.0,3072.0,3072.0,3072.0,3072.0,3072.0,3072.0,3072.0,3072.0,3072.0,3072.0,3072.0,2895.0,2603.0,2199.0,-0.43380001187324524,0.9232000112533569,0.3077999949455261,0.3443000018596649,0.004100000020116568,-0.20679999887943268,-0.9157999753952026,-0.4401000142097473,0.9603999853134155,0.3605000078678131,0.3443000018596649,0.004100000020116568,-0.20679999887943268,-0.9157999753952026,-0.40869998931884766,0.9408000111579895,0.34630000591278076,0.2542000114917755,-0.0706000030040741,0.5990999937057495,-0.7559999823570251,-0.39559999108314514,0.9503999948501587,0.37380000948905945,0.018200000748038292,0.13379999995231628,0.5175999999046326,-0.8449000120162964,-0.4025000035762787,0.9559999704360962,0.4058000147342682,-0.13819999992847443,0.16689999401569366,0.5579000115394592,-0.8011000156402588,-0.41200000047683716,0.9560999870300293,0.42800000309944153,-0.13819999992847443,0.16689999401569366,0.5579000115394592,-0.8011000156402588,-0.41929998993873596,0.944599986076355,0.3416999876499176,0.3443000018596649,0.004100000020116568,-0.20679999887943268,-0.9157999753952026,-0.42410001158714294,0.9865000247955322,0.38119998574256897,0.14249999821186066,-0.07010000199079514,-0.14509999752044678,-0.9765999913215637,-0.4205000102519989,0.9976000189781189,0.41659998893737793,0.03610000014305115,-0.0843999981880188,-0.163100004196167,-0.9822999835014343,-0.41679999232292175,0.9998999834060669,0.4401000142097473,0.06019999831914902,-0.05389999970793724,-0.18250000476837158,-0.9799000024795532,-0.4156000018119812,1.0038000345230103,0.4616999924182892,0.06019999831914902,-0.05389999970793724,-0.18250000476837158,-0.9799000024795532,-0.43479999899864197,0.9394999742507935,0.3402000069618225,0.3443000018596649,0.004100000020116568,-0.20679999887943268,-0.9157999753952026,-0.4453999996185303,0.9811999797821045,0.38089999556541443,-0.15870000422000885,-0.07180000096559525,-0.2199999988079071,-0.9598000049591064,-0.436599999666214,0.9696999788284302,0.4205000102519989,-0.7882000207901001,-0.2084999978542328,-0.1185000017285347,-0.5667999982833862,-0.4251999855041504,0.9469000101089478,0.4115999937057495,-0.9800000190734863,-0.1817999929189682,-0.05939999967813492,-0.05510000139474869,-0.42170000076293945,0.9435999989509583,0.38749998807907104,-0.9800000190734863,-0.1817999929189682,-0.05939999967813492,-0.05510000139474869,-0.45019999146461487,0.9350000023841858,0.33959999680519104,0.3443000018596649,0.004100000020116568,-0.20679999887943268,-0.9157999753952026,-0.460099995136261,0.9671000242233276,0.3806999921798706,-0.23399999737739563,-0.09319999814033508,-0.27399998903274536,-0.9282000064849854,-0.44859999418258667,0.9524000287055969,0.4142000079154968,-0.8154000043869019,-0.2685999870300293,-0.17309999465942383,-0.482699990272522,-0.4345000088214874,0.9343000054359436,0.4018000066280365,-0.9495999813079834,-0.3093000054359436,-0.04360000044107437,0.026000000536441803,-0.43209999799728394,0.9347000122070312,0.37790000438690186,-0.9495999813079834,-0.3093000054359436,-0.04360000044107437,0.026000000536441803,-0.4560000002384186,0.9293000102043152,0.3422999978065491,0.28839999437332153,0.057500001043081284,-0.4381999969482422,-0.849399983882904,-0.4717000126838684,0.9490000009536743,0.37940001487731934,-0.25200000405311584,-0.14100000262260437,-0.36169999837875366,-0.8865000009536743,-0.4587000012397766,0.9386000037193298,0.40450000762939453,-0.7924000024795532,-0.3188000023365021,-0.24940000474452972,-0.4564000070095062,-0.4449999928474426,0.9273999929428101,0.3953999876976013,-0.9023000001907349,-0.42149999737739563,-0.08940000087022781,0.012799999676644802,-0.4406999945640564,0.9289000034332275,0.3743000030517578,-0.9023000001907349,-0.42149999737739563,-0.08940000087022781,0.012799999676644802,-0.07270000129938126,1.0069999694824219,0.2842999994754791,0.5273000001907349,0.3549000024795532,0.25929999351501465,-0.7271999716758728,-0.09040000289678574,1.058500051498413,0.2978000044822693,0.5273000001907349,0.3549000024795532,0.25929999351501465,-0.7271999716758728,-0.10719999670982361,1.0313999652862549,0.28850001096725464,0.4893999993801117,0.15469999611377716,-0.6538000106811523,-0.5559999942779541,-0.12960000336170197,1.0408999919891357,0.30149999260902405,0.4271000027656555,0.06719999760389328,-0.59170001745224,-0.680400013923645,-0.14669999480247498,1.0551999807357788,0.31949999928474426,0.483599990606308,0.16619999706745148,-0.6599000096321106,-0.5504999756813049,-0.16429999470710754,1.062000036239624,0.32850000262260437,0.483599990606308,0.16619999706745148,-0.6599000096321106,-0.5504999756813049,-0.09730000048875809,1.0342999696731567,0.2870999872684479,0.5273000001907349,0.3549000024795532,0.25929999351501465,-0.7271999716758728,-0.10930000245571136,1.0824999809265137,0.28780001401901245,0.27810001373291016,0.37709999084472656,0.13099999725818634,-0.8736000061035156,-0.12809999287128448,1.1013000011444092,0.3057999908924103,0.05860000103712082,0.4034999907016754,0.06360000371932983,-0.9108999967575073,-0.14309999346733093,1.1045000553131104,0.319599986076355,0.0010000000474974513,0.38420000672340393,0.058400001376867294,-0.9214000105857849,-0.15629999339580536,1.1062999963760376,0.33309999108314514,0.0010000000474974513,0.38420000672340393,0.058400001376867294,-0.9214000105857849,-0.08590000122785568,1.0335999727249146,0.2955999970436096,0.5273000001907349,0.3549000024795532,0.25929999351501465,-0.7271999716758728,-0.09480000287294388,1.083400011062622,0.30000001192092896,0.2660999894142151,0.39559999108314514,0.17589999735355377,-0.8611999750137329,-0.11620000004768372,1.1051000356674194,0.3197999894618988,-0.015599999576807022,0.43320000171661377,0.05739999935030937,-0.8992999792098999,-0.13449999690055847,1.1055999994277954,0.3343999981880188,-0.13819999992847443,0.4392000138759613,0.05779999867081642,-0.8858000040054321,-0.15109999477863312,1.1023999452590942,0.34700000286102295,-0.13819999992847443,0.4392000138759613,0.05779999867081642,-0.8858000040054321,-0.07580000162124634,1.033400058746338,0.30300000309944153,0.5273000001907349,0.3549000024795532,0.25929999351501465,-0.7271999716758728,-0.0860000029206276,1.07669997215271,0.31360000371932983,0.24860000610351562,0.4090000092983246,0.22050000727176666,-0.8499000072479248,-0.10530000180006027,1.09660005569458,0.33149999380111694,-0.02449999935925007,0.4708000123500824,0.1234000027179718,-0.873199999332428,-0.12399999797344208,1.0982999801635742,0.3440999984741211,-0.16850000619888306,0.5099999904632568,0.05640000104904175,-0.8416000008583069,-0.1421000063419342,1.0949000120162964,0.35339999198913574,-0.16850000619888306,0.5099999904632568,0.05640000104904175,-0.8416000008583069,-0.07370000332593918,1.0319000482559204,0.3098999857902527,0.3873000144958496,0.3553999960422516,0.4690000116825104,-0.7098000049591064,-0.07919999957084656,1.066100001335144,0.3271999955177307,0.19210000336170197,0.4706999957561493,0.25360000133514404,-0.8230000138282776,-0.09679999947547913,1.0805000066757202,0.33980000019073486,-0.05290000140666962,0.503000020980835,0.18400000035762787,-0.8428000211715698,-0.11169999837875366,1.082200050354004,0.3481999933719635,-0.1379999965429306,0.5611000061035156,0.1274999976158142,-0.8062000274658203,-0.12919999659061432,1.0817999839782715,0.3544999957084656,-0.1379999965429306,0.5611000061035156,0.1274999976158142,-0.8062000274658203
1771636681.667728,2389,2685,3072.0,3072.0,3072.0,3072.0,3072.0,3072.0,3072.0,3072.0,2540.0,2943.0,2775.0,2418.0,2446.0,2583.0,2540.0,2590.0,3072.0,3072.0,3072.0,3072.0,3072.0,3072.0,3072.0,3072.0,2503.0,2872.0,2391.0,2772.0,2703.0,2643.0,2641.0,2641.0,3060.0,3072.0,3072.0,3072.0,3072.0,3072.0,3072.0,3072.0,2653.0,2957.0,2173.0,2633.0,2695.0,2706.0,2641.0,2641.0,3064.0,3072.0,2263.0,3072.0,3072.0,3072.0,3072.0,3072.0,3047.0,3010.0,2673.0,2706.0,2641.0,2706.0,2703.0,2641.0,3062.0,3072.0,2742.0,3072.0,3072.0,3072.0,3072.0,3072.0,2434.0,3072.0,3072.0,2470.0,2550.0,2583.0,2650.0,2641.0,3067.0,3072.0,3072.0,2904.0,3072.0,2648.0,2936.0,2832.0,2872.0,3072.0,3017.0,3064.0,2703.0,2706.0,2590.0,2590.0,3072.0,3072.0,3072.0,3072.0,3072.0,3072.0,3069.0,3072.0,2764.0,3072.0,3072.0,3065.0,2758.0,2706.0,2650.0,2641.0,3072.0,3072.0,3072.0,3072.0,3072.0,3072.0,3065.0,3041.0,2322.0,2960.0,2911.0,3065.0,2130.0,2273.0,2358.0,2492.0,3072.0,3072.0,3072.0,3072.0,3072.0,3072.0,3058.0,3044.0,3072.0,3072.0,3072.0,3066.0,2695.0,2706.0,2641.0,2703.0,2804.0,3022.0,3018.0,3072.0,3072.0,2938.0,3072.0,2809.0,3072.0,3072.0,3072.0,3066.0,2641.0,2706.0,2695.0,2758.0,3072.0,3072.0,3072.0,3072.0,3072.0,3072.0,3072.0,3072.0,3072.0,3072.0,3072.0,2571.0,2529.0,2706.0,2641.0,2703.0,3072.0,3072.0,3072.0,3072.0,3072.0,3072.0,3072.0,2621.0,3072.0,3072.0,3072.0,2373.0,2481.0,2643.0,2590.0,2703.0,3072.0,2825.0,2732.0,2729.0,3072.0,3072.0,3072.0,3072.0,3072.0,3072.0,3072.0,3072.0,3072.0,3072.0,3072.0,3072.0,3072.0,3072.0,3072.0,3072.0,3072.0,3072.0,3072.0,3072.0,3072.0,3072.0,3072.0,3072.0,3072.0,3072.0,3072.0,3072.0,3072.0,3072.0,3072.0,3072.0,3072.0,3072.0,3072.0,3072.0,3072.0,3072.0,3072.0,3072.0,3072.0,3072.0,3072.0,2923.0,3072.0,3072.0,3072.0,3072.0,3072.0,3072.0,3072.0,3072.0,3072.0,3072.0,3072.0,3072.0,3072.0,2993.0,2568.0,2443.0,-0.42989999055862427,0.9284999966621399,0.3292999863624573,0.3361000120639801,-0.00419999985024333,-0.20200000703334808,-0.9199000000953674,-0.43479999899864197,0.964900016784668,0.3824999928474426,0.3361000120639801,-0.00419999985024333,-0.20200000703334808,-0.9199000000953674,-0.40400001406669617,0.9449999928474426,0.3675999939441681,0.2485000044107437,-0.08470000326633453,0.6050999760627747,-0.7516000270843506,-0.3903999924659729,0.9537000060081482,0.3950999975204468,0.01889999955892563,0.11909999698400497,0.5288000106811523,-0.8402000069618225,-0.39629998803138733,0.958899974822998,0.42730000615119934,-0.13230000436306,0.15129999816417694,0.5716999769210815,-0.7954999804496765,-0.4050999879837036,0.9589999914169312,0.4498000144958496,-0.13230000436306,0.15129999816417694,0.5716999769210815,-0.7954999804496765,-0.4146000146865845,0.9491000175476074,0.36320000886917114,0.3361000120639801,-0.00419999985024333,-0.20200000703334808,-0.9199000000953674,-0.4180000126361847,0.9904000163078308,0.4032999873161316,0.1307000070810318,-0.07490000128746033,-0.1404000073671341,-0.978600025177002,-0.4138999879360199,1.0006999969482422,0.43880000710487366,0.025800000876188278,-0.08810000121593475,-0.15809999406337738,-0.9832000136375427,-0.4099999964237213,1.0025999546051025,0.46230000257492065,0.042100001126527786,-0.05889999866485596,-0.17659999430179596,-0.9815999865531921,-0.4083999991416931,1.0056999921798706,0.48399999737739563,0.042100001126527786,-0.05889999866485596,-0.17659999430179596,-0.9815999865531921,-0.4302000105381012,0.9442999958992004,0.3617999851703644,0.3361000120639801,-0.00419999985024333,-0.20200000703334808,-0.9199000000953674,-0.43939998745918274,0.9855999946594238,0.4032000005245209,-0.17820000648498535,-0.07840000092983246,-0.21080000698566437,-0.9578999876976013,-0.42989999055862427,0.972599983215332,0.44209998846054077,-0.801800012588501,-0.20669999718666077,-0.10700000077486038,-0.5504999756813049,-0.41909998655319214,0.9498999714851379,0.43209999799728394,-0.9829999804496765,-0.1728000044822693,-0.049800001084804535,-0.0364999994635582,-0.4162999987602234,0.9473999738693237,0.40790000557899475,-0.9829999804496765,-0.1728000044822693,-0.049800001084804535,-0.0364999994635582,-0.445499986410141,0.9401000142097473,0.3614000082015991,0.3361000120639801,-0.00419999985024333,-0.20200000703334808,-0.9199000000953674,-0.4544000029563904,0.9717000126838684,0.40299999713897705,-0.26089999079704285,-0.10170000046491623,-0.2630000114440918,-0.92330002784729,-0.44190001487731934,0.955299973487854,0.43529999256134033,-0.8306999802589417,-0.2653999924659729,-0.16019999980926514,-0.46230000257492065,-0.428600013256073,0.9375,0.42170000076293945,-0.9523000121116638,-0.298799991607666,-0.03400000184774399,0.05119999870657921,-0.4271000027656555,0.9388999938964844,0.3978999853134155,-0.9523000121116638,-0.298799991607666,-0.03400000184774399,0.05119999870657921,-0.4514000117778778,0.934499979019165,0.36410000920295715,0.2793000042438507,0.05169999971985817,-0.43299999833106995,-0.8554999828338623,-0.46619999408721924,0.9538999795913696,0.4016000032424927,-0.27630001306533813,-0.148499995470047,-0.35179999470710754,-0.8819000124931335,-0.45249998569488525,0.942300021648407,0.42590001225471497,-0.8077999949455261,-0.3156000077724457,-0.23659999668598175,-0.43810001015663147,-0.439300000667572,0.9312000274658203,0.415800005197525,-0.9070000052452087,-0.4117000102996826,-0.08030000329017639,0.03700000047683716,-0.4357999861240387,0.9334999918937683,0.39469999074935913,-0.9070000052452087,-0.4117000102996826,-0.08030000329017639,0.03700000047683716,-0.0729999989271164,1.0069999694824219,0.2842000126838684,0.527899980545044,0.35359999537467957,0.25760000944137573,-0.7279999852180481,-0.09059999883174896,1.0583000183105469,0.2976999878883362,0.527899980545044,0.35359999537467957,0.25760000944137573,-0.7279999852180481,-0.10740000009536743,1.0312999486923218,0.28859999775886536,0.48669999837875366,0.15389999747276306,-0.6560999751091003,-0.5558000206947327,-0.12970000505447388,1.0405999422073364,0.30169999599456787,0.42719998955726624,0.06809999793767929,-0.5936999917030334,-0.6784999966621399,-0.1467999964952469,1.054900050163269,0.319599986076355,0.483599990606308,0.16750000417232513,-0.6614999771118164,-0.5482000112533569,-0.16429999470710754,1.0614999532699585,0.3285999894142151,0.483599990606308,0.16750000417232513,-0.6614999771118164,-0.5482000112533569,-0.09749999642372131,1.0341999530792236,0.2870999872684479,0.527899980545044,0.35359999537467957,0.25760000944137573,-0.7279999852180481,-0.10949999839067459,1.082200050354004,0.28780001401901245,0.2818000018596649,0.3763999938964844,0.12929999828338623,-0.8730000257492065,-0.1282999962568283,1.101099967956543,0.30570000410079956,0.05550000071525574,0.40290001034736633,0.05909999832510948,-0.9115999937057495,-0.14319999516010284,1.104099988937378,0.31940001249313354,-0.00570000009611249,0.38359999656677246,0.05220000073313713,-0.921999990940094,-0.15629999339580536,1.1054999828338623,0.3330000042915344,-0.00570000009611249,0.38359999656677246,0.05220000073313713,-0.921999990940094,-0.08609999716281891,1.0334999561309814,0.2955999970436096,0.527899980545044,0.35359999537467957,0.25760000944137573,-0.7279999852180481,-0.09510000050067902,1.0830999612808228,0.29989999532699585,0.2689000070095062,0.39410001039505005,0.17489999532699585,-0.8611999750137329,-0.11630000174045563,1.1049000024795532,0.319599986076355,-0.020400000736117363,0.4320000112056732,0.053300000727176666,-0.9000999927520752,-0.13439999520778656,1.1051000356674194,0.334199994802475,-0.14630000293254852,0.4375,0.052799999713897705,-0.885699987411499,-0.1509999930858612,1.1015000343322754,0.3467999994754791,-0.14630000293254852,0.4375,0.052799999713897705,-0.885699987411499,-0.07609999924898148,1.0333000421524048,0.3027999997138977,0.527899980545044,0.35359999537467957,0.25760000944137573,-0.7279999852180481,-0.08619999885559082,1.0765000581741333,0.31349998712539673,0.2506999969482422,0.40689998865127563,0.22010000050067902,-0.8503999710083008,-0.10530000180006027,1.0964000225067139,0.3314000070095062,-0.030300000682473183,0.4699000120162964,0.11969999969005585,-0.8741000294685364,-0.12389999628067017,1.0976999998092651,0.34389999508857727,-0.17569999396800995,0.5084999799728394,0.05249999836087227,-0.8413000106811523,-0.14190000295639038,1.093999981880188,0.3531999886035919,-0.17569999396800995,0.5084999799728394,0.05249999836087227,-0.8413000106811523,-0.0738999992609024,1.0318000316619873,0.30970001220703125,0.38830000162124634,0.35409998893737793,0.4677000045776367,-0.7106000185012817,-0.07930000126361847,1.0658999681472778,0.3269999921321869,0.1941000074148178,0.46860000491142273,0.2533000111579895,-0.8238000273704529,-0.09679999947547913,1.080299973487854,0.33959999680519104,-0.053700000047683716,0.5016000270843506,0.18289999663829803,-0.8439000248908997,-0.11169999837875366,1.0819000005722046,0.3479999899864197,-0.1396999955177307,0.5597000122070312,0.12620000541210175,-0.8069999814033508,-0.1290999948978424,1.0814000368118286,0.35440000891685486,-0.1396999955177307,0.5597000122070312,0.12620000541210175,-0.8069999814033508
1771636681.700445,2430,2692,3072.0,3072.0,3072.0,3072.0,3072.0,3072.0,3072.0,3072.0,2599.0,2895.0,2767.0,2418.0,2446.0,2583.0,2540.0,2590.0,3072.0,3072.0,3072.0,3072.0,3072.0,3072.0,3072.0,3072.0,2560.0,2811.0,2463.0,2772.0,2641.0,2643.0,2703.0,2641.0,3049.0,3072.0,3072.0,3072.0,3072.0,3072.0,3072.0,3072.0,2653.0,2932.0,2285.0,2779.0,2695.0,2706.0,2641.0,2641.0,3064.0,3072.0,2344.0,3072.0,3072.0,3072.0,3072.0,3072.0,3047.0,3014.0,2704.0,2706.0,2641.0,2706.0,2703.0,2703.0,3066.0,3072.0,2852.0,3072.0,3072.0,3072.0,3072.0,3072.0,2434.0,3072.0,3072.0,2470.0,2550.0,2583.0,2650.0,2641.0,3067.0,3072.0,3072.0,2948.0,3059.0,2754.0,2939.0,2818.0,2887.0,3072.0,2991.0,3064.0,2703.0,2706.0,2650.0,2590.0,3072.0,3072.0,3072.0,3072.0,3072.0,3072.0,3069.0,3072.0,2641.0,3070.0,3069.0,3063.0,2695.0,2633.0,2650.0,2703.0,3072.0,3072.0,3072.0,3072.0,3072.0,3072.0,3069.0,3035.0,2772.0,2974.0,2841.0,3066.0,2130.0,2273.0,2358.0,2492.0,3072.0,3072.0,3072.0,3072.0,3072.0,3072.0,3060.0,3037.0,3072.0,3072.0,3072.0,3066.0,2695.0,2706.0,2641.0,2641.0,2784.0,3012.0,3029.0,3072.0,3072.0,2921.0,3072.0,2779.0,3072.0,3072.0,3072.0,3066.0,2703.0,2706.0,2695.0,2695.0,3072.0,3072.0,3072.0,3072.0,3072.0,3072.0,3072.0,3072.0,3072.0,3072.0,3072.0,2643.0,2590.0,2706.0,2641.0,2703.0,3072.0,3072.0,3072.0,3072.0,3072.0,3072.0,3072.0,2567.0,3072.0,3072.0,3072.0,2373.0,2540.0,2571.0,2650.0,2641.0,3072.0,2828.0,2706.0,2924.0,3072.0,3072.0,3072.0,3072.0,3072.0,3072.0,3072.0,3072.0,3072.0,3028.0,3072.0,3072.0,3072.0,3072.0,3072.0,3072.0,3072.0,3072.0,3072.0,3072.0,3072.0,3072.0,3072.0,3072.0,3072.0,3072.0,3072.0,3072.0,3072.0,3072.0,3072.0,3072.0,3072.0,3072.0,3072.0,3072.0,3072.0,3072.0,3072.0,3072.0,3072.0,3072.0,3072.0,2909.0,3072.0,3072.0,3072.0,3072.0,3072.0,3072.0,3072.0,3072.0,3072.0,3072.0,3072.0,3072.0,3072.0,2966.0,2731.0,2335.0,-0.42570000886917114,0.9319000244140625,0.34689998626708984,0.319599986076355,-0.0038999998942017555,-0.18960000574588776,-0.9283999800682068,-0.42980000376701355,0.9661999940872192,0.4009999930858612,0.319599986076355,-0.0038999998942017555,-0.18960000574588776,-0.9283999800682068,-0.39989998936653137,0.9460999965667725,0.385699987411499,0.22609999775886536,-0.0997999981045723,0.6172999739646912,-0.7469000220298767,-0.3862999975681305,0.9528999924659729,0.41350001096725464,-0.0034000000450760126,0.11150000244379044,0.5461000204086304,-0.8302000164985657,-0.39250001311302185,0.9567000269889832,0.445499986410141,-0.16040000319480896,0.15060000121593475,0.5860000252723694,-0.7797999978065491,-0.4020000100135803,0.9559000134468079,0.4675999879837036,-0.16040000319480896,0.15060000121593475,0.5860000252723694,-0.7797999978065491,-0.41019999980926514,0.9506999850273132,0.3813999891281128,0.319599986076355,-0.0038999998942017555,-0.18960000574588776,-0.9283999800682068,-0.41260001063346863,0.9902999997138977,0.42250001430511475,0.10869999974966049,-0.06469999998807907,-0.133200004696846,-0.9829999804496765,-0.4088999927043915,0.9987999796867371,0.45829999446868896,0.009700000286102295,-0.07569999992847443,-0.1525000035762787,-0.9854000210762024,-0.40549999475479126,0.9998000264167786,0.48159998655319214,0.023499999195337296,-0.04690000042319298,-0.17020000517368317,-0.984000027179718,-0.4043000042438507,1.0019999742507935,0.5033000111579895,0.023499999195337296,-0.04690000042319298,-0.17020000517368317,-0.984000027179718,-0.42570000886917114,0.9463000297546387,0.3797999918460846,0.319599986076355,-0.0038999998942017555,-0.18960000574588776,-0.9283999800682068,-0.43389999866485596,0.9860000014305115,0.4221999943256378,-0.2094999998807907,-0.0731000006198883,-0.1996999979019165,-0.9544000029563904,-0.4246000051498413,0.9706000089645386,0.45989999175071716,-0.8219000101089478,-0.19470000267028809,-0.10279999673366547,-0.5253999829292297,-0.41449999809265137,0.9484999775886536,0.44850000739097595,-0.9861000180244446,-0.15809999406337738,-0.05079999938607216,-0.006099999882280827,-0.41200000047683716,0.9473999738693237,0.4242999851703644,-0.9861000180244446,-0.15809999406337738,-0.05079999938607216,-0.006099999882280827,-0.4410000145435333,0.9427000284194946,0.3792000114917755,0.319599986076355,-0.0038999998942017555,-0.18960000574588776,-0.9283999800682068,-0.44909998774528503,0.9726999998092651,0.42149999737739563,-0.3025999963283539,-0.09889999777078629,-0.25060001015663147,-0.9143000245094299,-0.43639999628067017,0.9535999894142151,0.45179998874664307,-0.8526999950408936,-0.2522999942302704,-0.15469999611377716,-0.43050000071525574,-0.42399999499320984,0.9366000294685364,0.4368000030517578,-0.954200029373169,-0.2833000123500824,-0.03579999879002571,0.08950000256299973,-0.42289999127388,0.9397000074386597,0.4133000075817108,-0.954200029373169,-0.2833000123500824,-0.03579999879002571,0.08950000256299973,-0.44699999690055847,0.9370999932289124,0.3815999925136566,0.26499998569488525,0.05689999833703041,-0.4205000102519989,-0.8658999800682068,-0.46129998564720154,0.9553999900817871,0.4194999933242798,-0.3147999942302704,-0.14550000429153442,-0.34060001373291016,-0.8738999962806702,-0.447299987077713,0.9419000148773193,0.4422000050544739,-0.830299973487854,-0.30250000953674316,-0.2295999974012375,-0.40790000557899475,-0.4348999857902527,0.9312999844551086,0.4311000108718872,-0.9117000102996826,-0.39570000767707825,-0.0812000036239624,0.07519999891519547,-0.4318999946117401,0.9348999857902527,0.41029998660087585,-0.9117000102996826,-0.39570000767707825,-0.0812000036239624,0.07519999891519547,-0.07349999994039536,1.0068999528884888,0.28369998931884766,0.5274999737739563,0.3522999882698059,0.2565999925136566,-0.7293000221252441,-0.09109999984502792,1.0579999685287476,0.2973000109195709,0.5274999737739563,0.3522999882698059,0.2565999925136566,-0.7293000221252441,-0.10779999941587448,1.0311000347137451,0.2883000075817108,0.48410001397132874,0.15389999747276306,-0.657800018787384,-0.5562000274658203,-0.1298999935388565,1.0403000116348267,0.30149999260902405,0.42800000309944153,0.07079999893903732,-0.5947999954223633,-0.676800012588501,-0.14710000157356262,1.0543999671936035,0.3192000091075897,0.484499990940094,0.1703999936580658,-0.6621000170707703,-0.545799970626831,-0.1647000014781952,1.0607999563217163,0.3280999958515167,0.484499990940094,0.1703999936580658,-0.6621000170707703,-0.545799970626831,-0.09799999743700027,1.034000039100647,0.28679999709129333,0.5274999737739563,0.3522999882698059,0.2565999925136566,-0.7293000221252441,-0.10999999940395355,1.0817999839782715,0.28760001063346863,0.2840000092983246,0.3756999969482422,0.12839999794960022,-0.8726999759674072,-0.12860000133514404,1.100600004196167,0.3052999973297119,0.05209999904036522,0.4023999869823456,0.055799998342990875,-0.9122999906539917,-0.14350000023841858,1.1035000085830688,0.3190000057220459,-0.012900000438094139,0.3831000030040741,0.04729999974370003,-0.9223999977111816,-0.15649999678134918,1.104599952697754,0.33250001072883606,-0.012900000438094139,0.3831000030040741,0.04729999974370003,-0.9223999977111816,-0.08659999817609787,1.0333000421524048,0.29510000348091125,0.5274999737739563,0.3522999882698059,0.2565999925136566,-0.7293000221252441,-0.09560000151395798,1.0827000141143799,0.2994999885559082,0.2696000039577484,0.3928000032901764,0.17430000007152557,-0.8618000149726868,-0.11659999936819077,1.1044000387191772,0.31929999589920044,-0.024000000208616257,0.4307999908924103,0.05119999870657921,-0.9006999731063843,-0.13459999859333038,1.1044000387191772,0.33379998803138733,-0.1527000069618225,0.4359999895095825,0.049800001084804535,-0.8855000138282776,-0.1509999930858612,1.1004999876022339,0.34630000591278076,-0.1527000069618225,0.4359999895095825,0.049800001084804535,-0.8855000138282776,-0.07660000026226044,1.0331000089645386,0.30230000615119934,0.5274999737739563,0.3522999882698059,0.2565999925136566,-0.7293000221252441,-0.08659999817609787,1.0759999752044678,0.31299999356269836,0.25,0.40540000796318054,0.21950000524520874,-0.8514999747276306,-0.10570000112056732,1.0958000421524048,0.3310000002384186,-0.03579999879002571,0.46880000829696655,0.11729999631643295,-0.8748000264167786,-0.1242000013589859,1.0968999862670898,0.3434000015258789,-0.18320000171661377,0.5070000290870667,0.0494999997317791,-0.8407999873161316,-0.1420000046491623,1.0928000211715698,0.35260000824928284,-0.18320000171661377,0.5070000290870667,0.0494999997317791,-0.8407999873161316,-0.07440000027418137,1.031599998474121,0.3091000020503998,0.38830000162124634,0.35260000824928284,0.46700000762939453,-0.711899995803833,-0.07980000227689743,1.065500020980835,0.3264000117778778,0.19380000233650208,0.46709999442100525,0.25279998779296875,-0.8248000144958496,-0.09709999710321426,1.0799000263214111,0.33899998664855957,-0.05640000104904175,0.5004000067710876,0.18160000443458557,-0.8446000218391418,-0.11190000176429749,1.0813000202178955,0.3474000096321106,-0.14390000700950623,0.5587000250816345,0.12439999729394913,-0.8072999715805054,-0.12919999659061432,1.0806000232696533,0.3537999987602234,-0.14390000700950623,0.5587000250816345,0.12439999729394913,-0.8072999715805054
1771636681.752781,2472,2656,3072.0,3072.0,3072.0,3072.0,3072.0,3072.0,3072.0,3072.0,2599.0,2900.0,2708.0,2353.0,2446.0,2583.0,2540.0,2590.0,3072.0,3072.0,3072.0,3072.0,3072.0,3072.0,3072.0,3072.0,2446.0,2774.0,2362.0,2772.0,2641.0,2571.0,2703.0,2641.0,3049.0,3072.0,3072.0,3072.0,3072.0,3072.0,3072.0,3072.0,2699.0,2943.0,2251.0,2706.0,2695.0,2706.0,2703.0,2641.0,3054.0,3060.0,2263.0,3072.0,3072.0,3072.0,3072.0,3072.0,3059.0,3009.0,2375.0,2706.0,2641.0,2779.0,2703.0,2703.0,3028.0,3072.0,2633.0,3072.0,3072.0,3072.0,3072.0,3072.0,2492.0,3072.0,3058.0,2470.0,2492.0,2722.0,2590.0,2641.0,3067.0,3072.0,3072.0,2909.0,3072.0,2754.0,2920.0,2827.0,2887.0,3072.0,2956.0,3064.0,2641.0,2779.0,2590.0,2590.0,3072.0,3072.0,3072.0,3072.0,3072.0,3072.0,3069.0,3072.0,2703.0,3072.0,3069.0,3063.0,2633.0,2706.0,2650.0,2703.0,3072.0,3072.0,3072.0,3072.0,3072.0,3072.0,3067.0,3040.0,2772.0,2944.0,2912.0,3065.0,2130.0,2273.0,2358.0,2492.0,3072.0,3072.0,3072.0,3072.0,3072.0,3041.0,3058.0,3039.0,3072.0,3072.0,3072.0,3066.0,2758.0,2706.0,2703.0,2703.0,2748.0,3016.0,3002.0,3072.0,3072.0,2867.0,3072.0,2781.0,3072.0,3072.0,3072.0,3064.0,2641.0,2706.0,2695.0,2695.0,3072.0,3072.0,3072.0,3072.0,3072.0,3072.0,3072.0,3072.0,3072.0,3072.0,3072.0,2571.0,2590.0,2706.0,2641.0,2641.0,3072.0,3072.0,3072.0,3072.0,3072.0,3072.0,3072.0,2613.0,3072.0,3072.0,3072.0,2373.0,2540.0,2571.0,2650.0,2641.0,3072.0,2785.0,2565.0,2704.0,3072.0,3072.0,3072.0,3072.0,3072.0,3072.0,3072.0,3072.0,3072.0,3072.0,3072.0,3072.0,3072.0,3072.0,3072.0,3072.0,3072.0,3072.0,3072.0,3072.0,3072.0,3072.0,3072.0,3072.0,3072.0,2920.0,3072.0,3072.0,3072.0,3072.0,3072.0,3072.0,3072.0,3072.0,3072.0,3072.0,3072.0,3072.0,3072.0,3072.0,3072.0,3072.0,3072.0,3052.0,3072.0,3072.0,3072.0,3072.0,3072.0,3072.0,3072.0,3072.0,3072.0,3072.0,3072.0,3072.0,3072.0,2949.0,2792.0,2570.0,-0.4239000082015991,0.9332000017166138,0.365200012922287,0.29019999504089355,0.006000000052154064,-0.16259999573230743,-0.9430000185966492,-0.4277999997138977,0.9639000296592712,0.4212000072002411,0.29019999504089355,0.006000000052154064,-0.16259999573230743,-0.9430000185966492,-0.3986999988555908,0.9434000253677368,0.40540000796318054,0.18479999899864197,-0.11890000104904175,0.6376000046730042,-0.7383999824523926,-0.385699987411499,0.9472000002861023,0.43380001187324524,-0.04089999943971634,0.10300000011920929,0.5735999941825867,-0.8116000294685364,-0.3926999866962433,0.9488999843597412,0.4657000005245209,-0.19859999418258667,0.14710000157356262,0.6101999878883362,-0.7526999711990356,-0.40299999713897705,0.9469000101089478,0.4871000051498413,-0.19859999418258667,0.14710000157356262,0.6101999878883362,-0.7526999711990356,-0.40849998593330383,0.9488000273704529,0.40119999647140503,0.29019999504089355,0.006000000052154064,-0.16259999573230743,-0.9430000185966492,-0.4099999964237213,0.9854999780654907,0.44449999928474426,0.07479999959468842,-0.040800001472234726,-0.11469999700784683,-0.9897000193595886,-0.4077000021934509,0.9912999868392944,0.48069998621940613,-0.008899999782443047,-0.04699999839067459,-0.1371999979019165,-0.9894000291824341,-0.40540000796318054,0.9911999702453613,0.5041000247001648,0.008100000210106373,-0.017799999564886093,-0.15399999916553497,-0.9879000186920166,-0.40529999136924744,0.9925000071525574,0.5257999897003174,0.008100000210106373,-0.017799999564886093,-0.15399999916553497,-0.9879000186920166,-0.42419999837875366,0.9453999996185303,0.39890000224113464,0.29019999504089355,0.006000000052154064,-0.16259999573230743,-0.9430000185966492,-0.43140000104904175,0.9824000000953674,0.44350001215934753,-0.2467000037431717,-0.04919999837875366,-0.1817999929189682,-0.9506000280380249,-0.423799991607666,0.9635999798774719,0.4797999858856201,-0.8450999855995178,-0.16459999978542328,-0.10729999840259552,-0.49729999899864197,-0.41449999809265137,0.9420999884605408,0.4668999910354614,-0.9883999824523926,-0.13220000267028809,-0.06830000132322311,0.029100000858306885,-0.4115000069141388,0.942799985408783,0.44290000200271606,-0.9883999824523926,-0.13220000267028809,-0.06830000132322311,0.029100000858306885,-0.43939998745918274,0.9426000118255615,0.397599995136261,0.29019999504089355,0.006000000052154064,-0.16259999573230743,-0.9430000185966492,-0.4471000134944916,0.9699000120162964,0.4415000081062317,-0.3434999883174896,-0.07419999688863754,-0.23399999737739563,-0.906499981880188,-0.4359000027179718,0.947700023651123,0.4699999988079071,-0.8740000128746033,-0.22059999406337738,-0.1615999937057495,-0.4016000032424927,-0.42410001158714294,0.9315000176429749,0.453900009393692,-0.9562000036239624,-0.25839999318122864,-0.05790000036358833,0.125,-0.42239999771118164,0.9363999962806702,0.4307999908924103,-0.9562000036239624,-0.25839999318122864,-0.05790000036358833,0.125,-0.4456999897956848,0.9372000098228455,0.3995000123977661,0.24210000038146973,0.07509999722242355,-0.3935000002384186,-0.8837000131607056,-0.46000000834465027,0.953499972820282,0.43810001015663147,-0.35530000925064087,-0.11969999969005585,-0.326200008392334,-0.8677999973297119,-0.44690001010894775,0.9375,0.4593999981880188,-0.8535000085830688,-0.2700999975204468,-0.23569999635219574,-0.3783000111579895,-0.4350000023841858,0.927299976348877,0.44760000705718994,-0.9165999889373779,-0.36959999799728394,-0.10300000011920929,0.1128000020980835,-0.4318000078201294,0.932699978351593,0.42730000615119934,-0.9165999889373779,-0.36959999799728394,-0.10300000011920929,0.1128000020980835,-0.07410000264644623,1.0069999694824219,0.2824999988079071,0.5260999798774719,0.3513999879360199,0.2563000023365021,-0.7307999730110168,-0.0917000025510788,1.057800054550171,0.2962999939918518,0.5260999798774719,0.3513999879360199,0.2563000023365021,-0.7307999730110168,-0.10840000212192535,1.031000018119812,0.287200003862381,0.4814000129699707,0.15469999611377716,-0.6588000059127808,-0.5569999814033508,-0.13050000369548798,1.0400999784469604,0.30059999227523804,0.42829999327659607,0.07400000095367432,-0.5954999923706055,-0.675599992275238,-0.1477999985218048,1.0540000200271606,0.3181999921798706,0.48489999771118164,0.1737000048160553,-0.6621999740600586,-0.5442000031471252,-0.16539999842643738,1.0604000091552734,0.3269999921321869,0.48489999771118164,0.1737000048160553,-0.6621999740600586,-0.5442000031471252,-0.09860000014305115,1.0339000225067139,0.2856999933719635,0.5260999798774719,0.3513999879360199,0.2563000023365021,-0.7307999730110168,-0.11069999635219574,1.0815999507904053,0.2867000102996826,0.2858999967575073,0.37549999356269836,0.1282999962568283,-0.8723000288009644,-0.12919999659061432,1.1004999876022339,0.3043999969959259,0.05130000039935112,0.4023999869823456,0.05460000038146973,-0.9124000072479248,-0.14409999549388885,1.1033999919891357,0.3181000053882599,-0.016499999910593033,0.3831000030040741,0.04470000043511391,-0.9225000143051147,-0.15710000693798065,1.1043000221252441,0.33149999380111694,-0.016499999910593033,0.3831000030040741,0.04470000043511391,-0.9225000143051147,-0.08720000088214874,1.0332000255584717,0.2939999997615814,0.5260999798774719,0.3513999879360199,0.2563000023365021,-0.7307999730110168,-0.09619999676942825,1.0824999809265137,0.2987000048160553,0.2696000039577484,0.3917999863624573,0.1745000034570694,-0.8622000217437744,-0.11720000207424164,1.104200005531311,0.31839999556541443,-0.026200000196695328,0.4300000071525574,0.050700001418590546,-0.9010000228881836,-0.13519999384880066,1.104099988937378,0.3328999876976013,-0.15729999542236328,0.4350999891757965,0.048500001430511475,-0.885200023651123,-0.15150000154972076,1.100000023841858,0.34540000557899475,-0.15729999542236328,0.4350999891757965,0.048500001430511475,-0.885200023651123,-0.07720000296831131,1.0329999923706055,0.3012000024318695,0.5260999798774719,0.3513999879360199,0.2563000023365021,-0.7307999730110168,-0.08730000257492065,1.0757999420166016,0.31209999322891235,0.24779999256134033,0.40450000762939453,0.2190999984741211,-0.8525999784469604,-0.1062999963760376,1.0954999923706055,0.33009999990463257,-0.0406000018119812,0.46799999475479126,0.11599999666213989,-0.8751000165939331,-0.12479999661445618,1.0963000059127808,0.3425000011920929,-0.19009999930858612,0.5060999989509583,0.04749999940395355,-0.839900016784668,-0.14259999990463257,1.0918999910354614,0.3517000079154968,-0.19009999930858612,0.5060999989509583,0.04749999940395355,-0.839900016784668,-0.07500000298023224,1.031499981880188,0.30799999833106995,0.3871000111103058,0.35120001435279846,0.4668000042438507,-0.7134000062942505,-0.0803999975323677,1.0652999877929688,0.3253999948501587,0.19189999997615814,0.4666000008583069,0.25209999084472656,-0.8258000016212463,-0.09769999980926514,1.0794999599456787,0.33799999952316284,-0.05920000001788139,0.4997999966144562,0.18060000240802765,-0.8450000286102295,-0.11249999701976776,1.080899953842163,0.3463999927043915,-0.14820000529289246,0.5582000017166138,0.1225999966263771,-0.8070999979972839,-0.1298000067472458,1.0800000429153442,0.35280001163482666,-0.14820000529289246,0.5582000017166138,0.1225999966263771,-0.8070999979972839
1771636681.784562,2513,2593,3072.0,3072.0,3072.0,3072.0,3072.0,3072.0,3072.0,3072.0,2599.0,2904.0,2722.0,2418.0,2446.0,2583.0,2540.0,2590.0,3072.0,3072.0,3072.0,3072.0,3072.0,3072.0,3072.0,3072.0,2503.0,2827.0,2435.0,2697.0,2641.0,2571.0,2641.0,2641.0,3049.0,3072.0,3072.0,3072.0,3072.0,3072.0,3072.0,3072.0,2699.0,2831.0,1840.0,2706.0,2758.0,2706.0,2703.0,2641.0,3056.0,3072.0,2344.0,3072.0,3072.0,3072.0,3072.0,3072.0,3072.0,2995.0,2628.0,2706.0,2764.0,2706.0,2641.0,2641.0,3049.0,3072.0,2852.0,3072.0,3072.0,3072.0,3072.0,3072.0,2492.0,3072.0,3072.0,2470.0,2550.0,2583.0,2590.0,2641.0,3067.0,3072.0,3072.0,2923.0,3072.0,2966.0,2926.0,2821.0,2887.0,3072.0,3004.0,3064.0,2703.0,2706.0,2590.0,2590.0,3072.0,3072.0,3072.0,3072.0,3072.0,3072.0,3069.0,3072.0,2641.0,3070.0,3069.0,3063.0,2695.0,2633.0,2590.0,2641.0,3072.0,3072.0,3072.0,3072.0,3072.0,3072.0,3066.0,3033.0,2772.0,2945.0,2911.0,3065.0,2130.0,2273.0,2358.0,2492.0,3072.0,3072.0,3072.0,3072.0,3072.0,3072.0,3058.0,3035.0,3072.0,3072.0,3072.0,3066.0,2695.0,2706.0,2703.0,2641.0,2728.0,2998.0,3027.0,3072.0,3072.0,3014.0,3072.0,2770.0,3072.0,3072.0,3072.0,3066.0,2641.0,2706.0,2695.0,2695.0,3072.0,3072.0,3072.0,3072.0,3072.0,3072.0,3072.0,3072.0,3072.0,3072.0,3072.0,2571.0,2590.0,2706.0,2641.0,2641.0,3072.0,3072.0,3072.0,3072.0,3072.0,3072.0,3072.0,2643.0,3072.0,3072.0,3072.0,2373.0,2540.0,2571.0,2590.0,2641.0,3072.0,2751.0,2567.0,2639.0,3072.0,3072.0,3072.0,3072.0,3072.0,3072.0,3072.0,3072.0,3072.0,3072.0,3072.0,3072.0,3072.0,3072.0,3072.0,3072.0,3072.0,3072.0,3072.0,3072.0,3072.0,3072.0,3072.0,3072.0,3072.0,2901.0,3072.0,3072.0,3072.0,3072.0,3072.0,3072.0,3072.0,3072.0,3072.0,3072.0,3072.0,3072.0,3072.0,3072.0,3072.0,3072.0,3072.0,3072.0,3072.0,3072.0,3072.0,3072.0,3072.0,3072.0,3072.0,3072.0,3072.0,3072.0,3072.0,3072.0,3072.0,2833.0,2754.0,2707.0,-0.42309999465942383,0.9330999851226807,0.3837999999523163,0.26499998569488525,0.020999999716877937,-0.13249999284744263,-0.9549000263214111,-0.42750000953674316,0.9605000019073486,0.44110000133514404,0.26499998569488525,0.020999999716877937,-0.13249999284744263,-0.9549000263214111,-0.39910000562667847,0.9394999742507935,0.4251999855041504,0.14409999549388885,-0.1307000070810318,0.6572999954223633,-0.7279999852180481,-0.3871999979019165,0.9406999945640564,0.45419999957084656,-0.07339999824762344,0.09880000352859497,0.5986999869346619,-0.7914999723434448,-0.3950999975204468,0.9408000111579895,0.48579999804496765,-0.2321999967098236,0.14869999885559082,0.6312999725341797,-0.7249000072479248,-0.4065000116825104,0.9380000233650208,0.5063999891281128,-0.2321999967098236,0.14869999885559082,0.6312999725341797,-0.7249000072479248,-0.4083999991416931,0.9455999732017517,0.42100000381469727,0.26499998569488525,0.020999999716877937,-0.13249999284744263,-0.9549000263214111,-0.4097000062465668,0.9796000123023987,0.46619999408721924,0.047200001776218414,-0.017100000753998756,-0.09059999883174896,-0.9945999979972839,-0.40869998931884766,0.9832000136375427,0.5026000142097473,-0.01940000057220459,-0.018799999728798866,-0.11550000309944153,-0.992900013923645,-0.40779998898506165,0.9824000000953674,0.5259000062942505,0.00019999999494757503,0.010400000028312206,-0.1315000057220459,-0.9912999868392944,-0.40869998931884766,0.9832000136375427,0.5475000143051147,0.00019999999494757503,0.010400000028312206,-0.1315000057220459,-0.9912999868392944,-0.42399999499320984,0.9431999921798706,0.4180000126361847,0.26499998569488525,0.020999999716877937,-0.13249999284744263,-0.9549000263214111,-0.4309999942779541,0.9776999950408936,0.4641999900341034,-0.2711000144481659,-0.017799999564886093,-0.16459999978542328,-0.948199987411499,-0.42590001225471497,0.9567000269889832,0.49939998984336853,-0.8600000143051147,-0.1298000067472458,-0.11739999800920486,-0.47940000891685486,-0.4172999858856201,0.9355999827384949,0.48579999804496765,-0.9886000156402588,-0.10620000213384628,-0.09380000084638596,0.051500000059604645,-0.413100004196167,0.9373999834060669,0.46219998598098755,-0.9886000156402588,-0.10620000213384628,-0.09380000084638596,0.051500000059604645,-0.439300000667572,0.9412999749183655,0.41600000858306885,0.26499998569488525,0.020999999716877937,-0.13249999284744263,-0.9549000263214111,-0.4472000002861023,0.9663000106811523,0.460999995470047,-0.367000013589859,-0.040699999779462814,-0.21960000693798065,-0.902999997138977,-0.438400000333786,0.9420999884605408,0.48829999566078186,-0.8865000009536743,-0.1851000040769577,-0.1753000020980835,-0.38609999418258667,-0.42669999599456787,0.9261999726295471,0.47189998626708984,-0.9573000073432922,-0.2345999926328659,-0.08789999783039093,0.14419999718666077,-0.4239000082015991,0.932200014591217,0.44940000772476196,-0.9573000073432922,-0.2345999926328659,-0.08789999783039093,0.14419999718666077,-0.4458000063896179,0.9362000226974487,0.4172999858856201,0.2248000055551529,0.09700000286102295,-0.3634999990463257,-0.8988000154495239,-0.46070000529289246,0.9509000182151794,0.4560999870300293,-0.3774999976158142,-0.08420000225305557,-0.3138999938964844,-0.8671000003814697,-0.44940000772476196,0.9330999851226807,0.47679999470710754,-0.8664000034332275,-0.2337000072002411,-0.2498999983072281,-0.3637999892234802,-0.4375999867916107,0.9229999780654907,0.4648999869823456,-0.919700026512146,-0.3449000120162964,-0.13369999825954437,0.1315000057220459,-0.4332999885082245,0.9294000267982483,0.44510000944137573,-0.919700026512146,-0.3449000120162964,-0.13369999825954437,0.1315000057220459,-0.07500000298023224,1.007200002670288,0.2806999981403351,0.5245000123977661,0.350600004196167,0.25540000200271606,-0.7325999736785889,-0.09260000288486481,1.0579999685287476,0.2948000133037567,0.5245000123977661,0.350600004196167,0.25540000200271606,-0.7325999736785889,-0.10930000245571136,1.0312000513076782,0.2856000065803528,0.47870001196861267,0.15559999644756317,-0.6601999998092651,-0.5575000047683716,-0.13120000064373016,1.0400999784469604,0.29910001158714294,0.4284000098705292,0.07720000296831131,-0.5965999960899353,-0.6741999983787537,-0.14869999885559082,1.0539000034332275,0.3167000114917755,0.4851999878883362,0.1770000010728836,-0.6625999808311462,-0.5422999858856201,-0.1662999987602234,1.0600999593734741,0.3253999948501587,0.4851999878883362,0.1770000010728836,-0.6625999808311462,-0.5422999858856201,-0.09950000047683716,1.03410005569458,0.2840999960899353,0.5245000123977661,0.350600004196167,0.25540000200271606,-0.7325999736785889,-0.11159999668598175,1.0816999673843384,0.28529998660087585,0.2872999906539917,0.3750999867916107,0.12780000269412994,-0.871999979019165,-0.13009999692440033,1.1007000207901,0.3028999865055084,0.052000001072883606,0.4020000100135803,0.05380000174045563,-0.9125999808311462,-0.14489999413490295,1.1035000085830688,0.3165999948978424,-0.018200000748038292,0.38269999623298645,0.042899999767541885,-0.9226999878883362,-0.15800000727176666,1.1043000221252441,0.33009999990463257,-0.018200000748038292,0.38269999623298645,0.042899999767541885,-0.9226999878883362,-0.08799999952316284,1.033400058746338,0.2924000024795532,0.5245000123977661,0.350600004196167,0.25540000200271606,-0.7325999736785889,-0.09719999879598618,1.0825999975204468,0.2971999943256378,0.2694000005722046,0.39070001244544983,0.17430000007152557,-0.8628000020980835,-0.11810000240802765,1.104200005531311,0.31700000166893005,-0.027899999171495438,0.42890000343322754,0.0502999983727932,-0.9014999866485596,-0.13600000739097595,1.1039999723434448,0.33149999380111694,-0.16120000183582306,0.4339999854564667,0.04740000143647194,-0.8851000070571899,-0.15230000019073486,1.0997999906539917,0.3440000116825104,-0.16120000183582306,0.4339999854564667,0.04740000143647194,-0.8851000070571899,-0.07810000330209732,1.0332000255584717,0.2994999885559082,0.5245000123977661,0.350600004196167,0.25540000200271606,-0.7325999736785889,-0.08820000290870667,1.0758999586105347,0.31049999594688416,0.24570000171661377,0.4034999907016754,0.21819999814033508,-0.8539000153541565,-0.10719999670982361,1.0953999757766724,0.3287000060081482,-0.044599998742341995,0.46700000762939453,0.11469999700784683,-0.8756999969482422,-0.1256999969482422,1.0959999561309814,0.3411000072956085,-0.1964000016450882,0.5048999786376953,0.04540000110864639,-0.8392999768257141,-0.14339999854564667,1.0914000272750854,0.35019999742507935,-0.1964000016450882,0.5048999786376953,0.04540000110864639,-0.8392999768257141,-0.07580000162124634,1.0317000150680542,0.30630001425743103,0.38589999079704285,0.3499000072479248,0.4661000072956085,-0.7150999903678894,-0.0812000036239624,1.0652999877929688,0.3237999975681305,0.19030000269412994,0.46630001068115234,0.25049999356269836,-0.8267999887466431,-0.09860000014305115,1.0793999433517456,0.33649998903274536,-0.06040000170469284,0.49889999628067017,0.17949999868869781,-0.8457000255584717,-0.11339999735355377,1.0807000398635864,0.3449000120162964,-0.15109999477863312,0.5573999881744385,0.12070000171661377,-0.8073999881744385,-0.1306000053882599,1.079699993133545,0.35120001435279846,-0.15109999477863312,0.5573999881744385,0.12070000171661377,-0.8073999881744385
1771636681.8281,2557,2628,3072.0,3072.0,3072.0,3072.0,3072.0,3072.0,3072.0,3072.0,2599.0,2915.0,2695.0,2418.0,2446.0,2583.0,2599.0,2590.0,3072.0,3072.0,3072.0,3072.0,3072.0,3072.0,3072.0,3072.0,2503.0,2747.0,2328.0,2847.0,2641.0,2643.0,2641.0,2641.0,3038.0,3072.0,3072.0,3072.0,3072.0,3072.0,3072.0,3072.0,2653.0,2937.0,2148.0,2706.0,2695.0,2852.0,2641.0,2641.0,3056.0,3072.0,2101.0,3072.0,3072.0,3072.0,3072.0,3072.0,3059.0,2993.0,2569.0,2633.0,2641.0,2779.0,2641.0,2641.0,3054.0,3072.0,2523.0,3072.0,3072.0,3072.0,3072.0,3072.0,2434.0,3072.0,3072.0,2404.0,2492.0,2583.0,2590.0,2641.0,3067.0,3065.0,3072.0,2883.0,3072.0,2860.0,2944.0,2846.0,2872.0,3072.0,3012.0,3064.0,2580.0,2706.0,2590.0,2590.0,3072.0,3072.0,3072.0,3072.0,3072.0,3072.0,3069.0,3072.0,2641.0,3070.0,3069.0,3062.0,2633.0,2706.0,2590.0,2703.0,3072.0,3072.0,3072.0,3072.0,3072.0,3072.0,3066.0,3036.0,2697.0,2942.0,2881.0,3066.0,2130.0,2273.0,2358.0,2608.0,3072.0,3072.0,3072.0,3072.0,3072.0,3072.0,3057.0,3035.0,3072.0,3072.0,3072.0,3066.0,2695.0,2779.0,2641.0,2641.0,2728.0,2998.0,3027.0,3072.0,3072.0,3014.0,3072.0,2770.0,3072.0,3072.0,3072.0,3066.0,2641.0,2706.0,2695.0,2695.0,3072.0,3072.0,3072.0,3072.0,3072.0,3072.0,3072.0,3072.0,3072.0,3072.0,3072.0,2643.0,2590.0,2633.0,2641.0,2641.0,3072.0,3072.0,3072.0,3072.0,3072.0,3072.0,3072.0,2584.0,3072.0,3072.0,3072.0,2443.0,2481.0,2643.0,2590.0,2641.0,3067.0,2737.0,2592.0,2654.0,3072.0,3072.0,3072.0,3072.0,3072.0,3072.0,3072.0,3072.0,3072.0,3072.0,3072.0,3072.0,3072.0,3072.0,3072.0,3072.0,3072.0,3072.0,3072.0,3072.0,3072.0,3072.0,3072.0,3072.0,3072.0,2940.0,3072.0,3072.0,3072.0,3072.0,3072.0,3072.0,3072.0,3072.0,3072.0,3072.0,3072.0,3072.0,3072.0,3072.0,3072.0,3072.0,3072.0,3038.0,3072.0,3072.0,3072.0,3072.0,3072.0,3072.0,3072.0,3072.0,3072.0,3072.0,3072.0,3072.0,3072.0,2986.0,2683.0,2456.0,-0.4223000109195709,0.9332000017166138,0.39590001106262207,0.25440001487731934,0.028300000354647636,-0.11630000174045563,-0.9596999883651733,-0.4271000027656555,0.9589999914169312,0.45350000262260437,0.25440001487731934,0.028300000354647636,-0.11630000174045563,-0.9596999883651733,-0.39910000562667847,0.9377999901771545,0.43779999017715454,0.12430000305175781,-0.13519999384880066,0.667900025844574,-0.7211999893188477,-0.387800008058548,0.9376999735832214,0.4668000042438507,-0.08470000326633453,0.09510000050067902,0.6118000149726868,-0.7807000279426575,-0.3959999978542328,0.9372000098228455,0.498199999332428,-0.24549999833106995,0.1500999927520752,0.642300009727478,-0.7103999853134155,-0.4077000021934509,0.9341999888420105,0.5184999704360962,-0.24549999833106995,0.1500999927520752,0.642300009727478,-0.7103999853134155,-0.4081000089645386,0.9441999793052673,0.4334999918937683,0.25440001487731934,0.028300000354647636,-0.11630000174045563,-0.9596999883651733,-0.4092999994754791,0.9769999980926514,0.47929999232292175,0.03880000114440918,-0.00860000029206276,-0.07569999992847443,-0.9962999820709229,-0.4088999927043915,0.9797999858856201,0.5156000256538391,-0.018699999898672104,-0.008200000040233135,-0.10130000114440918,-0.9945999979972839,-0.4083999991416931,0.9789999723434448,0.5389000177383423,0.002199999988079071,0.020800000056624413,-0.11720000207424164,-0.992900013923645,-0.4097999930381775,0.9799000024795532,0.5602999925613403,0.002199999988079071,0.020800000056624413,-0.11720000207424164,-0.992900013923645,-0.4235999882221222,0.942300021648407,0.4300999939441681,0.25440001487731934,0.028300000354647636,-0.11630000174045563,-0.9596999883651733,-0.43050000071525574,0.9757000207901001,0.47690001130104065,-0.2799000144004822,-0.0013000000035390258,-0.15520000457763672,-0.9473999738693237,-0.4268999993801117,0.9538999795913696,0.5116000175476074,-0.8651999831199646,-0.11140000075101852,-0.12240000069141388,-0.4733999967575073,-0.41850000619888306,0.9329000115394592,0.49779999256134033,-0.9882000088691711,-0.0925000011920929,-0.10729999840259552,0.05889999866485596,-0.41370001435279846,0.9351000189781189,0.47440001368522644,-0.9882000088691711,-0.0925000011920929,-0.10729999840259552,0.05889999866485596,-0.43880000710487366,0.9409000277519226,0.4277999997138977,0.25440001487731934,0.028300000354647636,-0.11630000174045563,-0.9596999883651733,-0.44690001010894775,0.964900016784668,0.4729999899864197,-0.37439998984336853,-0.023000000044703484,-0.21170000731945038,-0.9024999737739563,-0.43939998745918274,0.9399999976158142,0.4999000132083893,-0.890999972820282,-0.16660000383853912,-0.1818999946117401,-0.38109999895095825,-0.4278999865055084,0.9241999983787537,0.48350000381469727,-0.9577999711036682,-0.22200000286102295,-0.10320000350475311,0.15070000290870667,-0.4242999851703644,0.9305999875068665,0.46129998564720154,-0.9577999711036682,-0.22200000286102295,-0.10320000350475311,0.15070000290870667,-0.445499986410141,0.9359999895095825,0.42890000343322754,0.218299999833107,0.10719999670982361,-0.3474999964237213,-0.9056000113487244,-0.46059998869895935,0.9501000046730042,0.4675000011920929,-0.3833000063896179,-0.06539999693632126,-0.30660000443458557,-0.8687999844551086,-0.4503999948501587,0.9315999746322632,0.48809999227523804,-0.8702999949455261,-0.21449999511241913,-0.257099986076355,-0.3612000048160553,-0.43860000371932983,0.921500027179718,0.4763000011444092,-0.9214000105857849,-0.3319999873638153,-0.1492999941110611,0.13609999418258667,-0.43380001187324524,0.9282000064849854,0.4569000005722046,-0.9214000105857849,-0.3319999873638153,-0.1492999941110611,0.13609999418258667,-0.07559999823570251,1.007699966430664,0.27900001406669617,0.5234000086784363,0.3490000069141388,0.2533999979496002,-0.7348999977111816,-0.093299999833107,1.0583000183105469,0.29339998960494995,0.5234000086784363,0.3490000069141388,0.2533999979496002,-0.7348999977111816,-0.10989999771118164,1.031499981880188,0.2842000126838684,0.47540000081062317,0.155799999833107,-0.6621999740600586,-0.5579000115394592,-0.13179999589920044,1.0403000116348267,0.29789999127388,0.4284999966621399,0.07989999651908875,-0.5981000065803528,-0.6725000143051147,-0.149399995803833,1.0540000200271606,0.31540000438690186,0.4851999878883362,0.17980000376701355,-0.6636000275611877,-0.5401999950408936,-0.1670999974012375,1.059999942779541,0.32409998774528503,0.4851999878883362,0.17980000376701355,-0.6636000275611877,-0.5401999950408936,-0.10019999742507935,1.034500002861023,0.2825999855995178,0.5234000086784363,0.3490000069141388,0.2533999979496002,-0.7348999977111816,-0.11249999701976776,1.0820000171661377,0.2840999960899353,0.2888000011444092,0.3734999895095825,0.1264999955892563,-0.8723999857902527,-0.13079999387264252,1.1009999513626099,0.30169999599456787,0.05270000174641609,0.4002000093460083,0.05270000174641609,-0.9133999943733215,-0.14560000598430634,1.1038000583648682,0.31540000438690186,-0.019899999722838402,0.38100001215934753,0.04100000113248825,-0.9235000014305115,-0.15860000252723694,1.1045000553131104,0.328900009393692,-0.019899999722838402,0.38100001215934753,0.04100000113248825,-0.9235000014305115,-0.08869999647140503,1.0338000059127808,0.290800005197525,0.5234000086784363,0.3490000069141388,0.2533999979496002,-0.7348999977111816,-0.09799999743700027,1.082900047302246,0.29589998722076416,0.2694999873638153,0.38839998841285706,0.17319999635219574,-0.8640000224113464,-0.11869999766349792,1.1045000553131104,0.3158000111579895,-0.028999999165534973,0.42649999260902405,0.04960000142455101,-0.9025999903678894,-0.13660000264644623,1.104200005531311,0.3303999900817871,-0.16410000622272491,0.43149998784065247,0.04639999940991402,-0.8858000040054321,-0.15279999375343323,1.0997999906539917,0.34290000796318054,-0.16410000622272491,0.43149998784065247,0.04639999940991402,-0.8858000040054321,-0.0786999985575676,1.0335999727249146,0.29789999127388,0.5234000086784363,0.3490000069141388,0.2533999979496002,-0.7348999977111816,-0.08889999985694885,1.076200008392334,0.3091999888420105,0.2442999929189682,0.40139999985694885,0.2167000025510788,-0.8557000160217285,-0.10790000110864639,1.0954999923706055,0.32739999890327454,-0.04729999974370003,0.46459999680519104,0.1136000007390976,-0.8769000172615051,-0.12620000541210175,1.0959999561309814,0.3400000035762787,-0.20090000331401825,0.5023999810218811,0.04399999976158142,-0.8398000001907349,-0.14390000700950623,1.0911999940872192,0.3490999937057495,-0.20090000331401825,0.5023999810218811,0.04399999976158142,-0.8398000001907349,-0.07639999687671661,1.031999945640564,0.30469998717308044,0.3853999972343445,0.34769999980926514,0.4645000100135803,-0.7174999713897705,-0.08179999887943268,1.065600037574768,0.322299987077713,0.18960000574588776,0.4650999903678894,0.24819999933242798,-0.8282999992370605,-0.09920000284910202,1.0795999765396118,0.33500000834465027,-0.061000000685453415,0.4968999922275543,0.17790000140666962,-0.8471999764442444,-0.11389999836683273,1.0808000564575195,0.3434999883174896,-0.15299999713897705,0.5554999709129333,0.11869999766349792,-0.8087000250816345,-0.13109999895095825,1.079699993133545,0.3499000072479248,-0.15299999713897705,0.5554999709129333,0.11869999766349792,-0.8087000250816345
1771636681.87065,2597,2605,3072.0,3072.0,3072.0,3072.0,3072.0,3072.0,3072.0,3072.0,2658.0,2835.0,2624.0,2483.0,2446.0,2583.0,2540.0,2590.0,3072.0,3072.0,3072.0,3072.0,3072.0,3072.0,3072.0,3072.0,2446.0,2786.0,2333.0,2772.0,2641.0,2643.0,2641.0,2641.0,3038.0,3072.0,3072.0,3072.0,3072.0,3072.0,3072.0,3072.0,2653.0,2909.0,2148.0,2706.0,2695.0,2706.0,2641.0,2641.0,3050.0,3068.0,2101.0,3072.0,3072.0,3072.0,3072.0,3072.0,3072.0,2997.0,2583.0,2706.0,2641.0,2706.0,2641.0,2641.0,3039.0,3072.0,2413.0,3072.0,3072.0,3072.0,3072.0,3072.0,2434.0,3072.0,3072.0,2470.0,2492.0,2513.0,2590.0,2641.0,3067.0,3065.0,3072.0,2890.0,3067.0,2860.0,2947.0,2858.0,2872.0,3072.0,3015.0,3064.0,2641.0,2706.0,2590.0,2590.0,3072.0,3072.0,3072.0,3072.0,3072.0,3072.0,3070.0,3072.0,2641.0,3072.0,3069.0,3063.0,2695.0,2706.0,2590.0,2641.0,3072.0,3072.0,3072.0,3072.0,3072.0,3072.0,3066.0,3036.0,2697.0,2965.0,2883.0,3066.0,2081.0,2211.0,2358.0,2434.0,3072.0,3072.0,3072.0,3072.0,3072.0,3072.0,3058.0,3034.0,3072.0,3072.0,3072.0,3066.0,2695.0,2706.0,2641.0,2703.0,2750.0,3010.0,3021.0,3072.0,3072.0,2999.0,3072.0,2784.0,3072.0,3072.0,3072.0,3066.0,2641.0,2706.0,2758.0,2758.0,3072.0,3072.0,3072.0,3072.0,3072.0,3072.0,3072.0,3072.0,3072.0,3072.0,3068.0,2571.0,2590.0,2706.0,2641.0,2641.0,3072.0,3072.0,3072.0,3072.0,3072.0,3072.0,3072.0,2472.0,3072.0,3072.0,3072.0,2373.0,2481.0,2643.0,2590.0,2703.0,3072.0,2705.0,2608.0,2609.0,3072.0,3072.0,3072.0,3072.0,3072.0,3072.0,3072.0,3072.0,3072.0,3072.0,3072.0,3072.0,3072.0,3072.0,3072.0,3072.0,3072.0,3072.0,3072.0,3072.0,3072.0,3072.0,3072.0,3072.0,3072.0,2842.0,3072.0,3072.0,3072.0,3072.0,3072.0,3072.0,3072.0,3072.0,3072.0,3072.0,3072.0,3072.0,3072.0,3072.0,3072.0,3072.0,3072.0,3072.0,3072.0,3072.0,3072.0,3072.0,3072.0,3072.0,3072.0,3072.0,3072.0,3072.0,3072.0,3072.0,3072.0,2925.0,2587.0,2675.0,-0.42239999771118164,0.9320999979972839,0.4056999981403351,0.24449999630451202,0.03620000183582306,-0.1096000000834465,-0.9628000259399414,-0.4278999865055084,0.9564999938011169,0.4634000062942505,0.24449999630451202,0.03620000183582306,-0.1096000000834465,-0.9628000259399414,-0.4000000059604645,0.9355000257492065,0.44780001044273376,0.1071000024676323,-0.1379999965429306,0.6718999743461609,-0.7197999954223633,-0.38940000534057617,0.934499979019165,0.47690001130104065,-0.09700000286102295,0.09210000187158585,0.6172999739646912,-0.7752000093460083,-0.3978999853134155,0.9333000183105469,0.5078999996185303,-0.25949999690055847,0.15000000596046448,0.646399974822998,-0.7016000151634216,-0.4099000096321106,0.9300000071525574,0.5277000069618225,-0.25949999690055847,0.15000000596046448,0.646399974822998,-0.7016000151634216,-0.40880000591278076,0.9420999884605408,0.44350001215934753,0.24449999630451202,0.03620000183582306,-0.1096000000834465,-0.9628000259399414,-0.41040000319480896,0.9735999703407288,0.48969998955726624,0.03550000116229057,-0.0005000000237487257,-0.07079999893903732,-0.9969000220298767,-0.4106000065803528,0.9761999845504761,0.5256999731063843,-0.019999999552965164,0.00039999998989515007,-0.09679999947547913,-0.9951000213623047,-0.4104999899864197,0.9753000140190125,0.5489000082015991,0.0013000000035390258,0.02930000051856041,-0.11240000277757645,-0.9932000041007996,-0.4122999906539917,0.9761000275611877,0.5701000094413757,0.0013000000035390258,0.02930000051856041,-0.11240000277757645,-0.9932000041007996,-0.42419999837875366,0.940500020980835,0.4399000108242035,0.24449999630451202,0.03620000183582306,-0.1096000000834465,-0.9628000259399414,-0.43149998784065247,0.972599983215332,0.4869000017642975,-0.288100004196167,0.009800000116229057,-0.1535000056028366,-0.9452000260353088,-0.4287000000476837,0.9502000212669373,0.5210000276565552,-0.8689000010490417,-0.10199999809265137,-0.1290999948978424,-0.4668000042438507,-0.4203000068664551,0.9296000003814697,0.507099986076355,-0.9869999885559082,-0.08749999850988388,-0.11739999800920486,0.06599999964237213,-0.41510000824928284,0.9320999979972839,0.4839000105857849,-0.9869999885559082,-0.08749999850988388,-0.11739999800920486,0.06599999964237213,-0.4392000138759613,0.939300000667572,0.4372999966144562,0.24449999630451202,0.03620000183582306,-0.1096000000834465,-0.9628000259399414,-0.44780001044273376,0.9621000289916992,0.48260000348091125,-0.3815999925136566,-0.010900000110268593,-0.21130000054836273,-0.8998000025749207,-0.4410000145435333,0.9368000030517578,0.508899986743927,-0.8939999938011169,-0.15729999542236328,-0.1899999976158142,-0.37400001287460327,-0.429500013589859,0.9214000105857849,0.4925000071525574,-0.9560999870300293,-0.21809999644756317,-0.11479999870061874,0.15839999914169312,-0.4255000054836273,0.9280999898910522,0.4706999957561493,-0.9560999870300293,-0.21809999644756317,-0.11479999870061874,0.15839999914169312,-0.44589999318122864,0.934499979019165,0.4381999969482422,0.21119999885559082,0.11749999970197678,-0.34040001034736633,-0.9086999893188477,-0.46149998903274536,0.947700023651123,0.4765999913215637,-0.38920000195503235,-0.05249999836087227,-0.30660000443458557,-0.8669999837875366,-0.45179998874664307,0.9289000034332275,0.4968000054359436,-0.8727999925613403,-0.20479999482631683,-0.2653000056743622,-0.3546999990940094,-0.4401000142097473,0.9190000295639038,0.48500001430511475,-0.9199000000953674,-0.32760000228881836,-0.16089999675750732,0.1437000036239624,-0.4348999857902527,0.9259999990463257,0.4659999907016754,-0.9199000000953674,-0.32760000228881836,-0.16089999675750732,0.1437000036239624,-0.07569999992847443,1.0080000162124634,0.2782000005245209,0.5220000147819519,0.34709998965263367,0.25029999017715454,-0.7379000186920166,-0.09350000321865082,1.05840003490448,0.2928999960422516,0.5220000147819519,0.34709998965263367,0.25029999017715454,-0.7379000186920166,-0.10999999940395355,1.031599998474121,0.28380000591278076,0.47110000252723694,0.15549999475479126,-0.6651999950408936,-0.5580000281333923,-0.13179999589920044,1.0401999950408936,0.29760000109672546,0.42750000953674316,0.08190000057220459,-0.6007000207901001,-0.6704999804496765,-0.149399995803833,1.0536999702453613,0.31520000100135803,0.4837999939918518,0.18199999630451202,-0.6657000184059143,-0.5382000207901001,-0.1671999990940094,1.0595999956130981,0.3237999975681305,0.4837999939918518,0.18199999630451202,-0.6657000184059143,-0.5382000207901001,-0.10029999911785126,1.034600019454956,0.28209999203681946,0.5220000147819519,0.34709998965263367,0.25029999017715454,-0.7379000186920166,-0.1128000020980835,1.0819000005722046,0.28380000591278076,0.2888999879360199,0.37130001187324524,0.12370000034570694,-0.8737000226974487,-0.13109999895095825,1.1009000539779663,0.30149999260902405,0.051600001752376556,0.39750000834465027,0.050200000405311584,-0.9147999882698059,-0.14579999446868896,1.103600025177002,0.31529998779296875,-0.02329999953508377,0.3781000077724457,0.03759999945759773,-0.9247000217437744,-0.15870000422000885,1.104200005531311,0.328900009393692,-0.02329999953508377,0.3781000077724457,0.03759999945759773,-0.9247000217437744,-0.08879999816417694,1.0339000225067139,0.29019999504089355,0.5220000147819519,0.34709998965263367,0.25029999017715454,-0.7379000186920166,-0.0982000008225441,1.082900047302246,0.2955000102519989,0.26899999380111694,0.3856000006198883,0.17090000212192535,-0.8658000230789185,-0.11890000104904175,1.1043000221252441,0.3154999911785126,-0.030799999833106995,0.42320001125335693,0.04800000041723251,-0.90420001745224,-0.13660000264644623,1.1039999723434448,0.3303000032901764,-0.16760000586509705,0.42800000309944153,0.04470000043511391,-0.8870000243186951,-0.1527000069618225,1.0994000434875488,0.34290000796318054,-0.16760000586509705,0.42800000309944153,0.04470000043511391,-0.8870000243186951,-0.0786999985575676,1.0336999893188477,0.2971000075340271,0.5220000147819519,0.34709998965263367,0.25029999017715454,-0.7379000186920166,-0.08900000154972076,1.076200008392334,0.30869999527931213,0.24310000240802765,0.3984000086784363,0.21439999341964722,-0.8579999804496765,-0.10790000110864639,1.0952999591827393,0.32710000872612,-0.04859999939799309,0.460999995470047,0.11270000040531158,-0.8788999915122986,-0.12620000541210175,1.0958000421524048,0.33980000019073486,-0.20340000092983246,0.49880000948905945,0.043299999088048935,-0.8414000272750854,-0.1437000036239624,1.0908000469207764,0.3490000069141388,-0.20340000092983246,0.49880000948905945,0.043299999088048935,-0.8414000272750854,-0.07639999687671661,1.0321999788284302,0.30390000343322754,0.384799987077713,0.3450999855995178,0.4620000123977661,-0.7207000255584717,-0.08179999887943268,1.065500020980835,0.32170000672340393,0.18880000710487366,0.46299999952316284,0.2451999932527542,-0.8306000232696533,-0.09920000284910202,1.0793999433517456,0.3345000147819519,-0.061400000005960464,0.49390000104904175,0.17589999735355377,-0.8493000268936157,-0.11379999667406082,1.0806000232696533,0.34310001134872437,-0.1542000025510788,0.5523999929428101,0.1168999969959259,-0.8108000159263611,-0.13099999725818634,1.0793999433517456,0.3495999872684479,-0.1542000025510788,0.5523999929428101,0.1168999969959259,-0.8108000159263611
1771636681.908216,2638,2640,3072.0,3072.0,3072.0,3072.0,3072.0,3072.0,3072.0,3072.0,2599.0,2907.0,2701.0,2418.0,2503.0,2583.0,2540.0,2590.0,3072.0,3072.0,3072.0,3072.0,3072.0,3072.0,3072.0,3072.0,2503.0,2809.0,2359.0,2772.0,2641.0,2643.0,2641.0,2641.0,3049.0,3072.0,3072.0,3072.0,3072.0,3072.0,3072.0,3072.0,2699.0,2946.0,2120.0,2706.0,2695.0,2706.0,2641.0,2641.0,3059.0,3029.0,2263.0,3072.0,3072.0,3072.0,3072.0,3072.0,3072.0,2999.0,2593.0,2706.0,2703.0,2779.0,2641.0,2641.0,3054.0,2998.0,2742.0,3072.0,3072.0,3072.0,3072.0,3072.0,2492.0,3072.0,3072.0,2470.0,2492.0,2583.0,2590.0,2641.0,3067.0,3072.0,3072.0,2871.0,3072.0,2542.0,2942.0,2860.0,2903.0,3072.0,3022.0,3063.0,2641.0,2706.0,2590.0,2590.0,3072.0,3072.0,3072.0,3072.0,3072.0,3072.0,3069.0,3072.0,2641.0,3070.0,3069.0,3063.0,2633.0,2706.0,2590.0,2641.0,3072.0,3072.0,3072.0,3072.0,3072.0,3072.0,3067.0,3035.0,2622.0,2910.0,2884.0,3065.0,2130.0,2273.0,2358.0,2492.0,3072.0,3072.0,3072.0,3072.0,3072.0,3011.0,3058.0,3035.0,3072.0,3072.0,3072.0,3066.0,2695.0,2706.0,2703.0,2641.0,2750.0,3009.0,3052.0,3072.0,3072.0,2938.0,3072.0,2794.0,3072.0,3072.0,3072.0,3066.0,2641.0,2706.0,2758.0,2695.0,3072.0,3072.0,3072.0,3072.0,3072.0,3072.0,3072.0,3072.0,3072.0,3072.0,3069.0,2571.0,2529.0,2706.0,2641.0,2641.0,3072.0,3072.0,3072.0,3072.0,3072.0,3072.0,3072.0,2546.0,3072.0,3072.0,3072.0,2373.0,2481.0,2571.0,2590.0,2703.0,3072.0,2713.0,2613.0,2654.0,3072.0,3072.0,3072.0,3072.0,3072.0,3072.0,3072.0,3072.0,3072.0,3072.0,3072.0,3072.0,3072.0,3072.0,3072.0,3072.0,3072.0,3072.0,3072.0,3072.0,3072.0,3072.0,3072.0,3072.0,3072.0,2927.0,3072.0,3072.0,3072.0,3072.0,3072.0,3072.0,3072.0,3072.0,3072.0,3072.0,3072.0,3072.0,3072.0,3072.0,3072.0,3072.0,3072.0,3072.0,3072.0,3072.0,3072.0,3072.0,3072.0,3072.0,3072.0,3072.0,3072.0,3072.0,3072.0,3072.0,3072.0,2823.0,2516.0,2615.0,-0.42260000109672546,0.9316999912261963,0.414900004863739,0.24140000343322754,0.041999999433755875,-0.10740000009536743,-0.9635999798774719,-0.42879998683929443,0.9556000232696533,0.4724999964237213,0.24140000343322754,0.041999999433755875,-0.10740000009536743,-0.9635999798774719,-0.4009000062942505,0.9345999956130981,0.45719999074935913,0.09780000150203705,-0.13570000231266022,0.6736999750137329,-0.7197999954223633,-0.39079999923706055,0.9333000183105469,0.486299991607666,-0.10480000078678131,0.0949999988079071,0.6187999844551086,-0.7727000117301941,-0.39969998598098755,0.9319000244140625,0.5170999765396118,-0.27079999446868896,0.15629999339580536,0.6456999778747559,-0.6966999769210815,-0.412200003862381,0.9283999800682068,0.5365999937057495,-0.27079999446868896,0.15629999339580536,0.6456999778747559,-0.6966999769210815,-0.40959998965263367,0.9412999749183655,0.4528999924659729,0.24140000343322754,0.041999999433755875,-0.10740000009536743,-0.9635999798774719,-0.4115999937057495,0.9724000096321106,0.499099999666214,0.04100000113248825,0.006200000178068876,-0.07020000368356705,-0.9966999888420105,-0.4122999906539917,0.9753000140190125,0.5350000262260437,-0.013399999588727951,0.007000000216066837,-0.0966000035405159,-0.995199978351593,-0.4124999940395355,0.9746000170707703,0.5580000281333923,0.00800000037997961,0.03590000048279762,-0.11230000108480453,-0.9929999709129333,-0.4146000146865845,0.9757000207901001,0.579200029373169,0.00800000037997961,0.03590000048279762,-0.11230000108480453,-0.9929999709129333,-0.42489999532699585,0.9397000074386597,0.4490000009536743,0.24140000343322754,0.041999999433755875,-0.10740000009536743,-0.9635999798774719,-0.4325999915599823,0.9714000225067139,0.4959999918937683,-0.28949999809265137,0.016599999740719795,-0.15469999611377716,-0.9444000124931335,-0.4302000105381012,0.9488999843597412,0.5299000144004822,-0.8694000244140625,-0.09809999912977219,-0.1348000019788742,-0.4652000069618225,-0.42170000076293945,0.9283999800682068,0.515999972820282,-0.9861999750137329,-0.08699999749660492,-0.1242000013589859,0.06719999760389328,-0.4162999987602234,0.9309999942779541,0.49309998750686646,-0.9861999750137329,-0.08699999749660492,-0.1242000013589859,0.06719999760389328,-0.4397999942302704,0.9386000037193298,0.44620001316070557,0.24140000343322754,0.041999999433755875,-0.10740000009536743,-0.9635999798774719,-0.4487999975681305,0.9610000252723694,0.49149999022483826,-0.3831999897956848,-0.00430000014603138,-0.21320000290870667,-0.8986999988555908,-0.4424000084400177,0.9355999827384949,0.5175999999046326,-0.8942000269889832,-0.15379999577999115,-0.19589999318122864,-0.37209999561309814,-0.43070000410079956,0.9203000068664551,0.5012999773025513,-0.9549999833106995,-0.21809999644756317,-0.12150000035762787,0.16040000319480896,-0.42649999260902405,0.9272000193595886,0.4796000123023987,-0.9549999833106995,-0.21809999644756317,-0.12150000035762787,0.16040000319480896,-0.4465000033378601,0.9337999820709229,0.44699999690055847,0.20960000157356262,0.12389999628067017,-0.33809998631477356,-0.9089999794960022,-0.46239998936653137,0.9466999769210815,0.4851999878883362,-0.38909998536109924,-0.04560000076889992,-0.3084000051021576,-0.8668000102043152,-0.4530999958515167,0.9277999997138977,0.5054000020027161,-0.8727999925613403,-0.2012999951839447,-0.27079999446868896,-0.35280001163482666,-0.44119998812675476,0.9179999828338623,0.49380001425743103,-0.9182999730110168,-0.32749998569488525,-0.16680000722408295,0.1468999981880188,-0.4359000027179718,0.9251999855041504,0.4749000072479248,-0.9182999730110168,-0.32749998569488525,-0.16680000722408295,0.1468999981880188,-0.07569999992847443,1.0082999467849731,0.27790001034736633,0.5202999711036682,0.3456000089645386,0.24779999256134033,-0.7405999898910522,-0.09359999746084213,1.058500051498413,0.2928999960422516,0.5202999711036682,0.3456000089645386,0.24779999256134033,-0.7405999898910522,-0.11010000109672546,1.0317000150680542,0.2838999927043915,0.4666999876499176,0.15539999306201935,-0.667900025844574,-0.5586000084877014,-0.13169999420642853,1.0401999950408936,0.29789999127388,0.42590001225471497,0.08340000361204147,-0.6031000018119812,-0.6693000197410583,-0.149399995803833,1.0535000562667847,0.3154999911785126,0.48159998655319214,0.1835000067949295,-0.6675999760627747,-0.5372999906539917,-0.1670999974012375,1.0592999458312988,0.32429999113082886,0.48159998655319214,0.1835000067949295,-0.6675999760627747,-0.5372999906539917,-0.10029999911785126,1.0347000360488892,0.28209999203681946,0.5202999711036682,0.3456000089645386,0.24779999256134033,-0.7405999898910522,-0.11309999972581863,1.0820000171661377,0.2840999960899353,0.28780001401901245,0.36980000138282776,0.12120000272989273,-0.875,-0.131400004029274,1.1008000373840332,0.3018999993801117,0.050200000405311584,0.3953999876976013,0.04809999838471413,-0.9158999919891357,-0.1459999978542328,1.1035000085830688,0.3156999945640564,-0.026599999517202377,0.375900000333786,0.03480000048875809,-0.925599992275238,-0.15889999270439148,1.1038999557495117,0.3294000029563904,-0.026599999517202377,0.375900000333786,0.03480000048875809,-0.925599992275238,-0.08879999816417694,1.034000039100647,0.29010000824928284,0.5202999711036682,0.3456000089645386,0.24779999256134033,-0.7405999898910522,-0.09839999675750732,1.082900047302246,0.2957000136375427,0.267300009727478,0.38370001316070557,0.16859999299049377,-0.8676999807357788,-0.11909999698400497,1.1043000221252441,0.3158999979496002,-0.033399999141693115,0.4205999970436096,0.046300001442432404,-0.9053999781608582,-0.13670000433921814,1.1038000583648682,0.33070001006126404,-0.17110000550746918,0.4250999987125397,0.04309999942779541,-0.8877999782562256,-0.1527000069618225,1.0989999771118164,0.3433000147342682,-0.17110000550746918,0.4250999987125397,0.04309999942779541,-0.8877999782562256,-0.0786999985575676,1.0339000225067139,0.296999990940094,0.5202999711036682,0.3456000089645386,0.24779999256134033,-0.7405999898910522,-0.08910000324249268,1.076200008392334,0.30869999527931213,0.24140000343322754,0.39629998803138733,0.21240000426769257,-0.8600000143051147,-0.1080000028014183,1.0952999591827393,0.3273000121116638,-0.05009999871253967,0.45809999108314514,0.11180000007152557,-0.8804000020027161,-0.12620000541210175,1.0956000089645386,0.3400999903678894,-0.20489999651908875,0.4957999885082245,0.04309999942779541,-0.8428000211715698,-0.1436000019311905,1.0906000137329102,0.34940001368522644,-0.20489999651908875,0.4957999885082245,0.04309999942779541,-0.8428000211715698,-0.0763000026345253,1.0322999954223633,0.3037000000476837,0.3837999999523163,0.34279999136924744,0.45989999175071716,-0.7236999869346619,-0.08179999887943268,1.065600037574768,0.32170000672340393,0.18780000507831573,0.4616999924182892,0.24240000545978546,-0.8323000073432922,-0.09920000284910202,1.0793999433517456,0.3346000015735626,-0.06120000034570694,0.49149999022483826,0.17440000176429749,-0.8510000109672546,-0.11379999667406082,1.0805000066757202,0.3433000147342682,-0.1542000025510788,0.5498999953269958,0.11569999903440475,-0.8126999735832214,-0.13089999556541443,1.079300045967102,0.3497999906539917,-0.1542000025510788,0.5498999953269958,0.11569999903440475,-0.8126999735832214
